Power(W), TimePDU(S), TimeNODE(mS)
176, 1558746317, 1558746317858
176, 1558746317, 1558746317952
176, 1558746317, 1558746318047
176, 1558746317, 1558746318142
176, 1558746317, 1558746318237
176, 1558746317, 1558746318332
176, 1558746317, 1558746318428
187, 1558746318, 1558746318531
187, 1558746318, 1558746318626
187, 1558746318, 1558746318720
187, 1558746318, 1558746318815
187, 1558746318, 1558746318912
187, 1558746318, 1558746319007
187, 1558746318, 1558746319104
187, 1558746318, 1558746319200
187, 1558746318, 1558746319295
187, 1558746318, 1558746319393
201, 1558746319, 1558746319495
201, 1558746319, 1558746319592
201, 1558746319, 1558746319685
201, 1558746319, 1558746319777
201, 1558746319, 1558746319871
201, 1558746319, 1558746319966
201, 1558746319, 1558746320062
201, 1558746319, 1558746320158
201, 1558746319, 1558746320254
201, 1558746319, 1558746320349
200, 1558746319, 1558746320445
200, 1558746320, 1558746320541
200, 1558746320, 1558746320636
200, 1558746320, 1558746320730
200, 1558746320, 1558746320825
200, 1558746320, 1558746320921
200, 1558746320, 1558746321015
200, 1558746320, 1558746321107
200, 1558746320, 1558746321203
200, 1558746320, 1558746321298
200, 1558746320, 1558746321390
200, 1558746320, 1558746321487
200, 1558746320, 1558746321585
200, 1558746321, 1558746321680
200, 1558746321, 1558746321775
200, 1558746321, 1558746321871
200, 1558746321, 1558746321965
200, 1558746321, 1558746322060
200, 1558746321, 1558746322155
200, 1558746321, 1558746322250
200, 1558746321, 1558746322345
200, 1558746321, 1558746322439
200, 1558746321, 1558746322535
200, 1558746321, 1558746322628
200, 1558746321, 1558746322729
200, 1558746322, 1558746322825
200, 1558746322, 1558746322919
200, 1558746322, 1558746323015
200, 1558746322, 1558746323110
200, 1558746322, 1558746323207
200, 1558746322, 1558746323301
200, 1558746322, 1558746323396
200, 1558746322, 1558746323491
202, 1558746323, 1558746323596
202, 1558746323, 1558746323693
202, 1558746323, 1558746323787
202, 1558746323, 1558746323883
202, 1558746323, 1558746323979
202, 1558746323, 1558746324073
202, 1558746323, 1558746324167
202, 1558746323, 1558746324262
202, 1558746323, 1558746324357
202, 1558746323, 1558746324453
202, 1558746324, 1558746324550
202, 1558746324, 1558746324645
202, 1558746324, 1558746324740
202, 1558746324, 1558746324835
202, 1558746324, 1558746324929
202, 1558746324, 1558746325021
202, 1558746324, 1558746325118
202, 1558746324, 1558746325213
202, 1558746324, 1558746325310
202, 1558746324, 1558746325405
202, 1558746324, 1558746325500
202, 1558746325, 1558746325595
202, 1558746325, 1558746325690
202, 1558746325, 1558746325784
202, 1558746325, 1558746325878
202, 1558746325, 1558746325973
202, 1558746325, 1558746326070
202, 1558746325, 1558746326168
202, 1558746325, 1558746326263
202, 1558746325, 1558746326358
202, 1558746325, 1558746326449
202, 1558746326, 1558746326548
202, 1558746326, 1558746326644
202, 1558746326, 1558746326739
202, 1558746326, 1558746326836
202, 1558746326, 1558746326930
202, 1558746326, 1558746327024
202, 1558746326, 1558746327119
202, 1558746326, 1558746327216
202, 1558746326, 1558746327311
202, 1558746326, 1558746327406
202, 1558746326, 1558746327502
202, 1558746327, 1558746327604
202, 1558746327, 1558746327699
202, 1558746327, 1558746327793
202, 1558746327, 1558746327889
202, 1558746327, 1558746327984
202, 1558746327, 1558746328079
202, 1558746327, 1558746328174
202, 1558746327, 1558746328269
202, 1558746327, 1558746328367
202, 1558746327, 1558746328461
202, 1558746327, 1558746328557
202, 1558746327, 1558746328652
202, 1558746327, 1558746328746
202, 1558746328, 1558746328844
202, 1558746328, 1558746328938
202, 1558746328, 1558746329036
202, 1558746328, 1558746329129
202, 1558746328, 1558746329226
202, 1558746328, 1558746329322
202, 1558746328, 1558746329417
200, 1558746329, 1558746329514
200, 1558746329, 1558746329609
200, 1558746329, 1558746329706
200, 1558746329, 1558746329800
200, 1558746329, 1558746329895
200, 1558746329, 1558746329990
200, 1558746329, 1558746330084
200, 1558746329, 1558746330180
200, 1558746329, 1558746330275
200, 1558746329, 1558746330370
199, 1558746329, 1558746330466
199, 1558746330, 1558746330564
199, 1558746330, 1558746330659
199, 1558746330, 1558746330752
199, 1558746330, 1558746330848
199, 1558746330, 1558746330945
199, 1558746330, 1558746331041
199, 1558746330, 1558746331139
199, 1558746330, 1558746331234
199, 1558746330, 1558746331329
199, 1558746330, 1558746331424
199, 1558746330, 1558746331518
199, 1558746331, 1558746331619
199, 1558746331, 1558746331710
199, 1558746331, 1558746331807
199, 1558746331, 1558746331901
199, 1558746331, 1558746331997
199, 1558746331, 1558746332090
199, 1558746331, 1558746332184
199, 1558746331, 1558746332278
199, 1558746331, 1558746332375
199, 1558746331, 1558746332469
198, 1558746332, 1558746332571
198, 1558746332, 1558746332667
198, 1558746332, 1558746332760
198, 1558746332, 1558746332852
198, 1558746332, 1558746332948
198, 1558746332, 1558746333042
198, 1558746332, 1558746333137
198, 1558746332, 1558746333232
198, 1558746332, 1558746333327
198, 1558746332, 1558746333421
196, 1558746333, 1558746333518
196, 1558746333, 1558746333613
196, 1558746333, 1558746333708
196, 1558746333, 1558746333802
196, 1558746333, 1558746333897
196, 1558746333, 1558746333993
196, 1558746333, 1558746334086
196, 1558746333, 1558746334181
196, 1558746333, 1558746334275
196, 1558746333, 1558746334370
196, 1558746333, 1558746334464
196, 1558746334, 1558746334560
196, 1558746334, 1558746334655
196, 1558746334, 1558746334749
196, 1558746334, 1558746334844
196, 1558746334, 1558746334938
196, 1558746334, 1558746335032
196, 1558746334, 1558746335125
196, 1558746334, 1558746335219
196, 1558746334, 1558746335312
196, 1558746334, 1558746335409
196, 1558746335, 1558746335513
196, 1558746335, 1558746335608
196, 1558746335, 1558746335702
196, 1558746335, 1558746335797
196, 1558746335, 1558746335891
196, 1558746335, 1558746335986
196, 1558746335, 1558746336082
196, 1558746335, 1558746336177
196, 1558746335, 1558746336274
196, 1558746335, 1558746336369
196, 1558746335, 1558746336463
195, 1558746336, 1558746336559
195, 1558746336, 1558746336656
195, 1558746336, 1558746336753
195, 1558746336, 1558746336848
195, 1558746336, 1558746336943
195, 1558746336, 1558746337039
195, 1558746336, 1558746337133
195, 1558746336, 1558746337230
195, 1558746336, 1558746337325
195, 1558746336, 1558746337421
195, 1558746337, 1558746337516
195, 1558746337, 1558746337609
195, 1558746337, 1558746337705
195, 1558746337, 1558746337799
195, 1558746337, 1558746337895
195, 1558746337, 1558746337988
195, 1558746337, 1558746338084
195, 1558746337, 1558746338181
195, 1558746337, 1558746338277
195, 1558746337, 1558746338372
195, 1558746337, 1558746338468
196, 1558746338, 1558746338565
196, 1558746338, 1558746338660
196, 1558746338, 1558746338755
196, 1558746338, 1558746338850
196, 1558746338, 1558746338944
196, 1558746338, 1558746339039
196, 1558746338, 1558746339134
196, 1558746338, 1558746339232
196, 1558746338, 1558746339326
196, 1558746338, 1558746339420
196, 1558746339, 1558746339517
196, 1558746339, 1558746339610
196, 1558746339, 1558746339707
196, 1558746339, 1558746339802
196, 1558746339, 1558746339896
196, 1558746339, 1558746339992
196, 1558746339, 1558746340087
196, 1558746339, 1558746340183
196, 1558746339, 1558746340278
196, 1558746339, 1558746340373
196, 1558746339, 1558746340468
196, 1558746340, 1558746340581
196, 1558746340, 1558746340679
196, 1558746340, 1558746340774
196, 1558746340, 1558746340869
196, 1558746340, 1558746340964
196, 1558746340, 1558746341063
196, 1558746340, 1558746341158
196, 1558746340, 1558746341253
196, 1558746340, 1558746341347
196, 1558746340, 1558746341440
195, 1558746341, 1558746341540
195, 1558746341, 1558746341636
195, 1558746341, 1558746341730
195, 1558746341, 1558746341824
195, 1558746341, 1558746341918
195, 1558746341, 1558746342015
195, 1558746341, 1558746342109
195, 1558746341, 1558746342204
195, 1558746341, 1558746342300
195, 1558746341, 1558746342394
195, 1558746341, 1558746342490
196, 1558746342, 1558746342593
196, 1558746342, 1558746342690
196, 1558746342, 1558746342783
196, 1558746342, 1558746342878
196, 1558746342, 1558746342971
196, 1558746342, 1558746343066
196, 1558746342, 1558746343162
196, 1558746342, 1558746343257
196, 1558746342, 1558746343354
196, 1558746342, 1558746343450
196, 1558746343, 1558746343554
196, 1558746343, 1558746343649
196, 1558746343, 1558746343747
196, 1558746343, 1558746343842
196, 1558746343, 1558746343939
196, 1558746343, 1558746344036
196, 1558746343, 1558746344132
196, 1558746343, 1558746344225
196, 1558746343, 1558746344320
196, 1558746343, 1558746344414
195, 1558746344, 1558746344517
195, 1558746344, 1558746344612
195, 1558746344, 1558746344709
195, 1558746344, 1558746344805
195, 1558746344, 1558746344899
195, 1558746344, 1558746344992
195, 1558746344, 1558746345088
195, 1558746344, 1558746345182
195, 1558746344, 1558746345277
195, 1558746344, 1558746345374
195, 1558746344, 1558746345472
196, 1558746345, 1558746345572
196, 1558746345, 1558746345667
196, 1558746345, 1558746345761
196, 1558746345, 1558746345856
196, 1558746345, 1558746345951
196, 1558746345, 1558746346045
196, 1558746345, 1558746346140
196, 1558746345, 1558746346235
196, 1558746345, 1558746346331
196, 1558746345, 1558746346426
196, 1558746345, 1558746346521
196, 1558746346, 1558746346618
196, 1558746346, 1558746346713
196, 1558746346, 1558746346810
196, 1558746346, 1558746346908
196, 1558746346, 1558746347002
196, 1558746346, 1558746347096
196, 1558746346, 1558746347192
196, 1558746346, 1558746347285
196, 1558746346, 1558746347381
196, 1558746346, 1558746347477
196, 1558746346, 1558746347576
196, 1558746346, 1558746347671
196, 1558746346, 1558746347766
196, 1558746347, 1558746347861
196, 1558746347, 1558746347955
196, 1558746347, 1558746348053
196, 1558746347, 1558746348146
196, 1558746347, 1558746348240
196, 1558746347, 1558746348334
196, 1558746347, 1558746348431
196, 1558746348, 1558746348532
196, 1558746348, 1558746348626
196, 1558746348, 1558746348719
196, 1558746348, 1558746348813
196, 1558746348, 1558746348908
196, 1558746348, 1558746349002
196, 1558746348, 1558746349097
196, 1558746348, 1558746349193
196, 1558746348, 1558746349285
196, 1558746348, 1558746349382
196, 1558746348, 1558746349476
196, 1558746349, 1558746349579
196, 1558746349, 1558746349673
196, 1558746349, 1558746349764
196, 1558746349, 1558746349862
196, 1558746349, 1558746349956
196, 1558746349, 1558746350051
196, 1558746349, 1558746350145
196, 1558746349, 1558746350238
196, 1558746349, 1558746350332
196, 1558746349, 1558746350430
195, 1558746349, 1558746350524
195, 1558746350, 1558746350621
195, 1558746350, 1558746350716
195, 1558746350, 1558746350811
195, 1558746350, 1558746350908
195, 1558746350, 1558746351001
195, 1558746350, 1558746351095
195, 1558746350, 1558746351194
195, 1558746350, 1558746351288
195, 1558746350, 1558746351382
195, 1558746350, 1558746351476
195, 1558746351, 1558746351575
195, 1558746351, 1558746351670
195, 1558746351, 1558746351764
195, 1558746351, 1558746351859
195, 1558746351, 1558746351957
195, 1558746351, 1558746352050
195, 1558746351, 1558746352146
195, 1558746351, 1558746352242
195, 1558746351, 1558746352337
195, 1558746351, 1558746352432
195, 1558746351, 1558746352528
195, 1558746352, 1558746352624
195, 1558746352, 1558746352719
195, 1558746352, 1558746352814
195, 1558746352, 1558746352906
195, 1558746352, 1558746353002
195, 1558746352, 1558746353099
195, 1558746352, 1558746353193
195, 1558746352, 1558746353289
195, 1558746352, 1558746353383
195, 1558746352, 1558746353477
195, 1558746353, 1558746353576
195, 1558746353, 1558746353672
195, 1558746353, 1558746353765
195, 1558746353, 1558746353860
195, 1558746353, 1558746353956
195, 1558746353, 1558746354052
195, 1558746353, 1558746354145
195, 1558746353, 1558746354241
195, 1558746353, 1558746354338
195, 1558746353, 1558746354434
195, 1558746353, 1558746354529
195, 1558746354, 1558746354623
195, 1558746354, 1558746354717
195, 1558746354, 1558746354813
195, 1558746354, 1558746354908
195, 1558746354, 1558746355001
195, 1558746354, 1558746355096
195, 1558746354, 1558746355192
195, 1558746354, 1558746355287
195, 1558746354, 1558746355384
195, 1558746354, 1558746355480
196, 1558746355, 1558746355584
196, 1558746355, 1558746355677
196, 1558746355, 1558746355772
196, 1558746355, 1558746355868
196, 1558746355, 1558746355963
196, 1558746355, 1558746356057
196, 1558746355, 1558746356152
196, 1558746355, 1558746356248
196, 1558746355, 1558746356341
196, 1558746355, 1558746356439
196, 1558746356, 1558746356542
196, 1558746356, 1558746356635
196, 1558746356, 1558746356731
196, 1558746356, 1558746356827
196, 1558746356, 1558746356921
196, 1558746356, 1558746357015
196, 1558746356, 1558746357109
196, 1558746356, 1558746357204
196, 1558746356, 1558746357299
196, 1558746356, 1558746357394
196, 1558746356, 1558746357489
195, 1558746357, 1558746357591
195, 1558746357, 1558746357684
195, 1558746357, 1558746357779
195, 1558746357, 1558746357873
195, 1558746357, 1558746357969
195, 1558746357, 1558746358063
195, 1558746357, 1558746358157
195, 1558746357, 1558746358252
195, 1558746357, 1558746358346
195, 1558746357, 1558746358442
196, 1558746357, 1558746358537
196, 1558746358, 1558746358630
196, 1558746358, 1558746358725
196, 1558746358, 1558746358822
196, 1558746358, 1558746358919
196, 1558746358, 1558746359011
196, 1558746358, 1558746359105
196, 1558746358, 1558746359199
196, 1558746358, 1558746359294
196, 1558746358, 1558746359391
196, 1558746358, 1558746359485
196, 1558746359, 1558746359583
196, 1558746359, 1558746359680
196, 1558746359, 1558746359777
196, 1558746359, 1558746359871
196, 1558746359, 1558746359966
196, 1558746359, 1558746360164
196, 1558746359, 1558746360279
196, 1558746359, 1558746360393
196, 1558746359, 1558746360487
201, 1558746359, 1558746360584
201, 1558746360, 1558746360680
201, 1558746360, 1558746360770
201, 1558746360, 1558746360863
201, 1558746360, 1558746360959
201, 1558746360, 1558746361055
201, 1558746360, 1558746361150
201, 1558746360, 1558746361245
201, 1558746360, 1558746361339
201, 1558746360, 1558746361434
201, 1558746360, 1558746361530
198, 1558746361, 1558746361629
198, 1558746361, 1558746361725
198, 1558746361, 1558746361822
198, 1558746361, 1558746361916
198, 1558746361, 1558746362013
198, 1558746361, 1558746362109
198, 1558746361, 1558746362204
198, 1558746361, 1558746362298
198, 1558746361, 1558746362392
198, 1558746361, 1558746362487
198, 1558746362, 1558746362590
198, 1558746362, 1558746362685
198, 1558746362, 1558746362779
198, 1558746362, 1558746362873
198, 1558746362, 1558746362968
198, 1558746362, 1558746363062
198, 1558746362, 1558746363157
198, 1558746362, 1558746363252
198, 1558746362, 1558746363345
198, 1558746362, 1558746363442
198, 1558746362, 1558746363538
198, 1558746362, 1558746363633
198, 1558746362, 1558746363726
198, 1558746362, 1558746363822
198, 1558746363, 1558746363920
198, 1558746363, 1558746364014
198, 1558746363, 1558746364109
198, 1558746363, 1558746364203
198, 1558746363, 1558746364298
198, 1558746363, 1558746364393
198, 1558746363, 1558746364490
197, 1558746364, 1558746364589
197, 1558746364, 1558746364684
197, 1558746364, 1558746364779
197, 1558746364, 1558746364871
197, 1558746364, 1558746364966
197, 1558746364, 1558746365061
197, 1558746364, 1558746365155
197, 1558746364, 1558746365248
197, 1558746364, 1558746365343
197, 1558746364, 1558746365438
197, 1558746364, 1558746365533
197, 1558746365, 1558746365635
197, 1558746365, 1558746365730
197, 1558746365, 1558746365824
197, 1558746365, 1558746365920
197, 1558746365, 1558746366015
197, 1558746365, 1558746366110
197, 1558746365, 1558746366204
197, 1558746365, 1558746366299
197, 1558746365, 1558746366394
197, 1558746365, 1558746366490
196, 1558746366, 1558746366588
196, 1558746366, 1558746366684
196, 1558746366, 1558746366779
196, 1558746366, 1558746366873
196, 1558746366, 1558746366968
196, 1558746366, 1558746367063
196, 1558746366, 1558746367157
196, 1558746366, 1558746367252
196, 1558746366, 1558746367348
196, 1558746366, 1558746367442
196, 1558746366, 1558746367539
196, 1558746367, 1558746367635
196, 1558746367, 1558746367731
196, 1558746367, 1558746367825
196, 1558746367, 1558746367921
196, 1558746367, 1558746368019
196, 1558746367, 1558746368116
196, 1558746367, 1558746368209
196, 1558746367, 1558746368307
196, 1558746367, 1558746368402
196, 1558746367, 1558746368497
196, 1558746368, 1558746368596
196, 1558746368, 1558746368690
196, 1558746368, 1558746368784
196, 1558746368, 1558746368879
196, 1558746368, 1558746368975
196, 1558746368, 1558746369069
196, 1558746368, 1558746369164
196, 1558746368, 1558746369260
196, 1558746368, 1558746369359
196, 1558746368, 1558746369454
195, 1558746369, 1558746369557
195, 1558746369, 1558746369653
195, 1558746369, 1558746369751
195, 1558746369, 1558746369845
195, 1558746369, 1558746369940
195, 1558746369, 1558746370036
195, 1558746369, 1558746370130
195, 1558746369, 1558746370226
195, 1558746369, 1558746370324
195, 1558746369, 1558746370419
195, 1558746369, 1558746370514
196, 1558746370, 1558746370616
196, 1558746370, 1558746370711
196, 1558746370, 1558746370807
196, 1558746370, 1558746370904
196, 1558746370, 1558746371000
196, 1558746370, 1558746371096
196, 1558746370, 1558746371191
196, 1558746370, 1558746371286
196, 1558746370, 1558746371380
196, 1558746370, 1558746371477
196, 1558746370, 1558746371571
196, 1558746370, 1558746371670
196, 1558746371, 1558746371766
196, 1558746371, 1558746371861
196, 1558746371, 1558746371957
196, 1558746371, 1558746372052
196, 1558746371, 1558746372146
196, 1558746371, 1558746372241
196, 1558746371, 1558746372337
196, 1558746371, 1558746372433
196, 1558746371, 1558746372527
196, 1558746372, 1558746372624
196, 1558746372, 1558746372719
196, 1558746372, 1558746372816
196, 1558746372, 1558746372913
196, 1558746372, 1558746373012
196, 1558746372, 1558746373110
196, 1558746372, 1558746373209
196, 1558746372, 1558746373304
196, 1558746372, 1558746373400
196, 1558746372, 1558746373496
195, 1558746373, 1558746373601
195, 1558746373, 1558746373702
195, 1558746373, 1558746373800
195, 1558746373, 1558746373900
195, 1558746373, 1558746373997
195, 1558746373, 1558746374093
195, 1558746373, 1558746374189
195, 1558746373, 1558746374285
195, 1558746373, 1558746374381
195, 1558746373, 1558746374476
195, 1558746373, 1558746374573
195, 1558746373, 1558746374666
195, 1558746373, 1558746374759
196, 1558746373, 1558746374854
196, 1558746374, 1558746374949
196, 1558746374, 1558746375044
196, 1558746374, 1558746375139
196, 1558746374, 1558746375234
196, 1558746374, 1558746375329
196, 1558746374, 1558746375425
196, 1558746374, 1558746375520
196, 1558746375, 1558746375615
196, 1558746375, 1558746375710
196, 1558746375, 1558746375805
196, 1558746375, 1558746375900
196, 1558746375, 1558746375994
196, 1558746375, 1558746376090
196, 1558746375, 1558746376185
196, 1558746375, 1558746376280
196, 1558746375, 1558746376377
196, 1558746375, 1558746376473
196, 1558746375, 1558746376569
196, 1558746375, 1558746376663
196, 1558746375, 1558746376757
196, 1558746375, 1558746376852
196, 1558746375, 1558746376945
196, 1558746375, 1558746377043
196, 1558746375, 1558746377137
196, 1558746377, 1558746377232
196, 1558746377, 1558746377327
196, 1558746377, 1558746377422
196, 1558746377, 1558746377517
196, 1558746377, 1558746377616
196, 1558746377, 1558746377712
196, 1558746377, 1558746377807
196, 1558746377, 1558746377903
196, 1558746377, 1558746378000
196, 1558746377, 1558746378095
196, 1558746377, 1558746378191
196, 1558746377, 1558746378285
196, 1558746377, 1558746378379
196, 1558746377, 1558746378476
196, 1558746377, 1558746378570
196, 1558746378, 1558746378667
196, 1558746378, 1558746378762
196, 1558746378, 1558746378859
196, 1558746378, 1558746378954
196, 1558746378, 1558746379049
196, 1558746378, 1558746379144
196, 1558746378, 1558746379240
196, 1558746378, 1558746379335
196, 1558746378, 1558746379427
196, 1558746378, 1558746379523
196, 1558746379, 1558746379622
196, 1558746379, 1558746379716
196, 1558746379, 1558746379810
196, 1558746379, 1558746379907
196, 1558746379, 1558746380001
196, 1558746379, 1558746380095
196, 1558746379, 1558746380190
196, 1558746379, 1558746380285
196, 1558746379, 1558746380382
196, 1558746379, 1558746380477
196, 1558746379, 1558746380574
196, 1558746380, 1558746380671
196, 1558746380, 1558746380765
196, 1558746380, 1558746380860
196, 1558746380, 1558746380957
196, 1558746380, 1558746381053
196, 1558746380, 1558746381148
196, 1558746380, 1558746381244
196, 1558746380, 1558746381338
196, 1558746380, 1558746381433
196, 1558746380, 1558746381531
196, 1558746380, 1558746381625
196, 1558746381, 1558746381722
196, 1558746381, 1558746381817
196, 1558746381, 1558746381911
196, 1558746381, 1558746382006
196, 1558746381, 1558746382102
196, 1558746381, 1558746382196
196, 1558746381, 1558746382290
196, 1558746381, 1558746382389
196, 1558746381, 1558746382482
196, 1558746381, 1558746382578
196, 1558746382, 1558746382677
196, 1558746382, 1558746382771
196, 1558746382, 1558746382865
196, 1558746382, 1558746382961
196, 1558746382, 1558746383055
196, 1558746382, 1558746383151
196, 1558746382, 1558746383245
196, 1558746382, 1558746383338
196, 1558746382, 1558746383434
196, 1558746382, 1558746383529
196, 1558746382, 1558746383621
196, 1558746383, 1558746383720
196, 1558746383, 1558746383818
196, 1558746383, 1558746383914
196, 1558746383, 1558746384008
196, 1558746383, 1558746384103
196, 1558746383, 1558746384198
196, 1558746383, 1558746384294
196, 1558746383, 1558746384387
196, 1558746383, 1558746384481
196, 1558746383, 1558746384575
196, 1558746384, 1558746384677
196, 1558746384, 1558746384773
196, 1558746384, 1558746384867
196, 1558746384, 1558746384961
196, 1558746384, 1558746385057
196, 1558746384, 1558746385150
196, 1558746384, 1558746385245
196, 1558746384, 1558746385339
196, 1558746384, 1558746385434
196, 1558746384, 1558746385532
196, 1558746385, 1558746385631
196, 1558746385, 1558746385727
196, 1558746385, 1558746385824
196, 1558746385, 1558746385918
196, 1558746385, 1558746386012
196, 1558746385, 1558746386106
196, 1558746385, 1558746386202
196, 1558746385, 1558746386297
196, 1558746385, 1558746386392
196, 1558746385, 1558746386488
196, 1558746385, 1558746386585
196, 1558746385, 1558746386680
196, 1558746385, 1558746386777
195, 1558746386, 1558746386874
195, 1558746386, 1558746386970
195, 1558746386, 1558746387064
195, 1558746386, 1558746387159
195, 1558746386, 1558746387254
195, 1558746386, 1558746387345
195, 1558746386, 1558746387441
195, 1558746386, 1558746387536
196, 1558746387, 1558746387642
196, 1558746387, 1558746387736
196, 1558746387, 1558746387830
196, 1558746387, 1558746387925
196, 1558746387, 1558746388022
196, 1558746387, 1558746388117
196, 1558746387, 1558746388212
196, 1558746387, 1558746388306
196, 1558746387, 1558746388402
196, 1558746387, 1558746388499
196, 1558746387, 1558746388593
196, 1558746388, 1558746388690
196, 1558746388, 1558746388782
196, 1558746388, 1558746388878
196, 1558746388, 1558746388974
196, 1558746388, 1558746389071
196, 1558746388, 1558746389167
196, 1558746388, 1558746389262
196, 1558746388, 1558746389355
196, 1558746388, 1558746389448
196, 1558746388, 1558746389544
196, 1558746389, 1558746389644
196, 1558746389, 1558746389738
196, 1558746389, 1558746389834
196, 1558746389, 1558746389928
196, 1558746389, 1558746390023
196, 1558746389, 1558746390120
196, 1558746389, 1558746390214
196, 1558746389, 1558746390309
196, 1558746389, 1558746390404
196, 1558746389, 1558746390500
196, 1558746389, 1558746390594
196, 1558746390, 1558746390691
196, 1558746390, 1558746390785
196, 1558746390, 1558746390881
196, 1558746390, 1558746390974
196, 1558746390, 1558746391068
196, 1558746390, 1558746391163
196, 1558746390, 1558746391258
196, 1558746390, 1558746391352
196, 1558746390, 1558746391448
196, 1558746390, 1558746391546
196, 1558746390, 1558746391642
196, 1558746390, 1558746391737
196, 1558746390, 1558746391829
197, 1558746391, 1558746391931
197, 1558746391, 1558746392026
197, 1558746391, 1558746392122
197, 1558746391, 1558746392217
197, 1558746391, 1558746392311
197, 1558746391, 1558746392406
197, 1558746391, 1558746392500
196, 1558746391, 1558746392594
196, 1558746392, 1558746392690
196, 1558746392, 1558746392786
196, 1558746392, 1558746392881
196, 1558746392, 1558746392978
196, 1558746392, 1558746393074
196, 1558746392, 1558746393167
196, 1558746392, 1558746393262
196, 1558746392, 1558746393357
196, 1558746392, 1558746393454
196, 1558746392, 1558746393549
196, 1558746393, 1558746393652
196, 1558746393, 1558746393749
196, 1558746393, 1558746393845
196, 1558746393, 1558746393943
196, 1558746393, 1558746394044
196, 1558746393, 1558746394145
196, 1558746393, 1558746394244
196, 1558746393, 1558746394345
196, 1558746393, 1558746394444
196, 1558746393, 1558746394543
196, 1558746394, 1558746394648
196, 1558746394, 1558746394745
196, 1558746394, 1558746394844
196, 1558746394, 1558746394941
196, 1558746394, 1558746395037
196, 1558746394, 1558746395133
196, 1558746394, 1558746395229
196, 1558746394, 1558746395323
196, 1558746394, 1558746395419
196, 1558746394, 1558746395513
196, 1558746394, 1558746395607
196, 1558746395, 1558746395707
196, 1558746395, 1558746395803
196, 1558746395, 1558746395898
196, 1558746395, 1558746395994
196, 1558746395, 1558746396089
196, 1558746395, 1558746396181
196, 1558746395, 1558746396277
196, 1558746395, 1558746396374
196, 1558746395, 1558746396470
196, 1558746395, 1558746396566
195, 1558746395, 1558746396662
195, 1558746396, 1558746396762
195, 1558746396, 1558746396862
195, 1558746396, 1558746396960
195, 1558746396, 1558746397057
195, 1558746396, 1558746397152
195, 1558746396, 1558746397247
195, 1558746396, 1558746397343
195, 1558746396, 1558746397437
195, 1558746396, 1558746397534
195, 1558746397, 1558746397634
195, 1558746397, 1558746397730
195, 1558746397, 1558746397824
195, 1558746397, 1558746397920
195, 1558746397, 1558746398018
195, 1558746397, 1558746398114
195, 1558746397, 1558746398209
195, 1558746397, 1558746398303
195, 1558746397, 1558746398398
195, 1558746397, 1558746398494
195, 1558746397, 1558746398589
195, 1558746397, 1558746398685
195, 1558746398, 1558746398779
195, 1558746398, 1558746398876
195, 1558746398, 1558746398972
195, 1558746398, 1558746399069
195, 1558746398, 1558746399163
195, 1558746398, 1558746399257
195, 1558746398, 1558746399353
195, 1558746398, 1558746399447
195, 1558746398, 1558746399543
196, 1558746399, 1558746399645
196, 1558746399, 1558746399740
196, 1558746399, 1558746399835
196, 1558746399, 1558746399927
196, 1558746399, 1558746400022
196, 1558746399, 1558746400116
196, 1558746399, 1558746400212
196, 1558746399, 1558746400306
196, 1558746399, 1558746400404
196, 1558746399, 1558746400498
196, 1558746399, 1558746400595
195, 1558746399, 1558746400690
195, 1558746400, 1558746400788
195, 1558746400, 1558746400883
195, 1558746400, 1558746400978
195, 1558746400, 1558746401074
195, 1558746400, 1558746401169
195, 1558746400, 1558746401264
195, 1558746400, 1558746401358
195, 1558746400, 1558746401455
195, 1558746400, 1558746401551
195, 1558746400, 1558746401645
195, 1558746400, 1558746401738
195, 1558746401, 1558746401833
195, 1558746401, 1558746401927
195, 1558746401, 1558746402023
195, 1558746401, 1558746402116
195, 1558746401, 1558746402212
195, 1558746401, 1558746402308
195, 1558746401, 1558746402402
195, 1558746401, 1558746402499
195, 1558746401, 1558746402594
196, 1558746403, 1558746404033
196, 1558746403, 1558746404153
196, 1558746403, 1558746404272
196, 1558746403, 1558746404391
196, 1558746403, 1558746404510
196, 1558746403, 1558746404628
196, 1558746403, 1558746404743
196, 1558746403, 1558746404857
195, 1558746404, 1558746404972
195, 1558746404, 1558746405087
195, 1558746404, 1558746405203
195, 1558746404, 1558746405318
195, 1558746404, 1558746405430
196, 1558746404, 1558746405544
196, 1558746405, 1558746405661
196, 1558746405, 1558746405778
196, 1558746405, 1558746405893
196, 1558746405, 1558746406009
196, 1558746405, 1558746406123
196, 1558746405, 1558746406236
196, 1558746405, 1558746406350
196, 1558746405, 1558746406464
196, 1558746405, 1558746406577
196, 1558746406, 1558746406696
196, 1558746406, 1558746406811
196, 1558746406, 1558746406924
196, 1558746406, 1558746407038
196, 1558746406, 1558746407150
196, 1558746406, 1558746407264
196, 1558746406, 1558746407377
196, 1558746406, 1558746407490
196, 1558746406, 1558746407602
196, 1558746406, 1558746407718
196, 1558746406, 1558746407832
196, 1558746407, 1558746407951
196, 1558746407, 1558746408067
196, 1558746407, 1558746408184
196, 1558746407, 1558746408302
196, 1558746407, 1558746408420
196, 1558746407, 1558746408539
197, 1558746407, 1558746408657
197, 1558746408, 1558746408774
197, 1558746408, 1558746408892
197, 1558746408, 1558746409010
197, 1558746408, 1558746409127
197, 1558746408, 1558746409247
197, 1558746408, 1558746409367
197, 1558746408, 1558746409488
197, 1558746408, 1558746409609
197, 1558746409, 1558746409732
197, 1558746409, 1558746409851
197, 1558746409, 1558746409969
197, 1558746409, 1558746410089
197, 1558746409, 1558746410211
197, 1558746409, 1558746410332
197, 1558746409, 1558746410451
196, 1558746409, 1558746410573
196, 1558746410, 1558746410697
196, 1558746410, 1558746410818
196, 1558746410, 1558746410939
196, 1558746410, 1558746411059
196, 1558746410, 1558746411180
196, 1558746410, 1558746411301
196, 1558746410, 1558746411423
197, 1558746410, 1558746411544
197, 1558746411, 1558746411665
197, 1558746411, 1558746411783
197, 1558746411, 1558746411899
197, 1558746411, 1558746412017
197, 1558746411, 1558746412132
197, 1558746411, 1558746412247
197, 1558746411, 1558746412363
197, 1558746411, 1558746412480
196, 1558746411, 1558746412598
196, 1558746412, 1558746412718
196, 1558746412, 1558746412836
196, 1558746412, 1558746412954
196, 1558746412, 1558746413071
196, 1558746412, 1558746413189
196, 1558746412, 1558746413305
196, 1558746412, 1558746413421
196, 1558746412, 1558746413539
197, 1558746413, 1558746413657
197, 1558746413, 1558746413771
197, 1558746413, 1558746413888
197, 1558746413, 1558746414003
197, 1558746413, 1558746414120
197, 1558746413, 1558746414233
197, 1558746413, 1558746414347
197, 1558746413, 1558746414460
197, 1558746413, 1558746414572
196, 1558746413, 1558746414686
196, 1558746414, 1558746414800
196, 1558746414, 1558746414913
196, 1558746414, 1558746415027
196, 1558746414, 1558746415141
196, 1558746414, 1558746415258
196, 1558746414, 1558746415372
196, 1558746414, 1558746415489
197, 1558746414, 1558746415610
197, 1558746415, 1558746415730
197, 1558746415, 1558746415848
197, 1558746415, 1558746415966
197, 1558746415, 1558746416084
197, 1558746415, 1558746416201
197, 1558746415, 1558746416317
197, 1558746415, 1558746416434
197, 1558746415, 1558746416549
197, 1558746415, 1558746416665
197, 1558746415, 1558746416781
196, 1558746415, 1558746416896
196, 1558746416, 1558746417014
196, 1558746416, 1558746417129
196, 1558746416, 1558746417246
196, 1558746416, 1558746417362
196, 1558746416, 1558746417478
196, 1558746416, 1558746417595
196, 1558746417, 1558746417715
196, 1558746417, 1558746417830
196, 1558746417, 1558746417946
196, 1558746417, 1558746418059
196, 1558746417, 1558746418169
196, 1558746417, 1558746418280
196, 1558746417, 1558746418391
196, 1558746417, 1558746418501
195, 1558746417, 1558746418612
195, 1558746418, 1558746418726
195, 1558746418, 1558746418840
195, 1558746418, 1558746418952
195, 1558746418, 1558746419065
195, 1558746418, 1558746419178
195, 1558746418, 1558746419292
195, 1558746418, 1558746419404
195, 1558746418, 1558746419517
196, 1558746418, 1558746419632
196, 1558746419, 1558746419744
196, 1558746419, 1558746419853
196, 1558746419, 1558746419961
196, 1558746419, 1558746420069
196, 1558746419, 1558746420179
196, 1558746419, 1558746420289
196, 1558746419, 1558746420398
196, 1558746419, 1558746420506
195, 1558746419, 1558746420614
195, 1558746420, 1558746420728
195, 1558746420, 1558746420844
195, 1558746420, 1558746420959
195, 1558746420, 1558746421074
195, 1558746420, 1558746421191
195, 1558746420, 1558746421304
195, 1558746420, 1558746421419
195, 1558746420, 1558746421533
195, 1558746420, 1558746421646
195, 1558746420, 1558746421760
195, 1558746420, 1558746421872
196, 1558746421, 1558746421989
196, 1558746421, 1558746422105
196, 1558746421, 1558746422221
196, 1558746421, 1558746422336
196, 1558746421, 1558746422452
196, 1558746421, 1558746422570
196, 1558746421, 1558746422687
196, 1558746422, 1558746422805
196, 1558746422, 1558746422920
196, 1558746422, 1558746423033
196, 1558746422, 1558746423150
196, 1558746422, 1558746423266
196, 1558746422, 1558746423381
196, 1558746422, 1558746423497
196, 1558746422, 1558746423611
196, 1558746422, 1558746423723
196, 1558746423, 1558746423838
196, 1558746423, 1558746423952
196, 1558746423, 1558746424064
196, 1558746423, 1558746424177
196, 1558746423, 1558746424290
196, 1558746423, 1558746424402
196, 1558746423, 1558746424515
196, 1558746423, 1558746424627
196, 1558746424, 1558746424744
196, 1558746424, 1558746424860
196, 1558746424, 1558746424976
196, 1558746424, 1558746425090
196, 1558746424, 1558746425206
196, 1558746424, 1558746425321
196, 1558746424, 1558746425439
196, 1558746424, 1558746425554
196, 1558746425, 1558746425672
196, 1558746425, 1558746425788
196, 1558746425, 1558746425903
196, 1558746425, 1558746426019
196, 1558746425, 1558746426131
196, 1558746425, 1558746426244
196, 1558746425, 1558746426359
196, 1558746425, 1558746426475
196, 1558746425, 1558746426591
196, 1558746426, 1558746426708
196, 1558746426, 1558746426822
196, 1558746426, 1558746426939
196, 1558746426, 1558746427056
196, 1558746426, 1558746427173
196, 1558746426, 1558746427289
196, 1558746426, 1558746427407
196, 1558746426, 1558746427523
196, 1558746426, 1558746427640
196, 1558746427, 1558746427759
196, 1558746427, 1558746427874
196, 1558746427, 1558746427992
196, 1558746427, 1558746428107
196, 1558746427, 1558746428222
196, 1558746427, 1558746428337
196, 1558746427, 1558746428450
196, 1558746427, 1558746428563
196, 1558746428, 1558746428677
196, 1558746428, 1558746428792
196, 1558746428, 1558746428905
196, 1558746428, 1558746429019
196, 1558746428, 1558746429133
196, 1558746428, 1558746429246
196, 1558746428, 1558746429356
196, 1558746428, 1558746429465
196, 1558746428, 1558746429575
195, 1558746428, 1558746429685
195, 1558746429, 1558746429795
195, 1558746429, 1558746429902
195, 1558746429, 1558746430010
195, 1558746429, 1558746430115
195, 1558746429, 1558746430222
195, 1558746429, 1558746430327
195, 1558746429, 1558746430433
195, 1558746429, 1558746430539
195, 1558746429, 1558746430643
195, 1558746430, 1558746430750
195, 1558746430, 1558746430858
195, 1558746430, 1558746430963
195, 1558746430, 1558746431069
195, 1558746430, 1558746431175
195, 1558746430, 1558746431280
195, 1558746430, 1558746431386
195, 1558746430, 1558746431493
195, 1558746430, 1558746431601
195, 1558746430, 1558746431707
195, 1558746431, 1558746431815
195, 1558746431, 1558746431923
195, 1558746431, 1558746432030
195, 1558746431, 1558746432137
195, 1558746431, 1558746432245
195, 1558746431, 1558746432351
195, 1558746431, 1558746432456
195, 1558746431, 1558746432563
196, 1558746431, 1558746432672
196, 1558746432, 1558746432776
196, 1558746432, 1558746432880
196, 1558746432, 1558746432986
196, 1558746432, 1558746433090
196, 1558746432, 1558746433195
196, 1558746432, 1558746433302
196, 1558746432, 1558746433409
196, 1558746432, 1558746433517
196, 1558746432, 1558746433624
195, 1558746432, 1558746433728
195, 1558746433, 1558746433832
195, 1558746433, 1558746433936
195, 1558746433, 1558746434042
195, 1558746433, 1558746434147
195, 1558746433, 1558746434251
195, 1558746433, 1558746434357
195, 1558746433, 1558746434463
195, 1558746433, 1558746434569
196, 1558746433, 1558746434673
196, 1558746434, 1558746434778
196, 1558746434, 1558746434882
196, 1558746434, 1558746434985
196, 1558746434, 1558746435089
196, 1558746434, 1558746435193
196, 1558746434, 1558746435297
196, 1558746434, 1558746435400
196, 1558746434, 1558746435503
196, 1558746434, 1558746435607
196, 1558746434, 1558746435715
196, 1558746435, 1558746435815
196, 1558746435, 1558746435916
196, 1558746435, 1558746436013
196, 1558746435, 1558746436110
196, 1558746435, 1558746436206
196, 1558746435, 1558746436301
196, 1558746435, 1558746436397
196, 1558746435, 1558746436494
196, 1558746435, 1558746436593
198, 1558746435, 1558746436687
198, 1558746436, 1558746436785
198, 1558746436, 1558746436879
198, 1558746436, 1558746436975
198, 1558746436, 1558746437071
198, 1558746436, 1558746437166
198, 1558746436, 1558746437263
198, 1558746436, 1558746437358
198, 1558746436, 1558746437455
198, 1558746436, 1558746437550
198, 1558746436, 1558746437646
198, 1558746436, 1558746437741
198, 1558746436, 1558746437836
197, 1558746436, 1558746437931
197, 1558746437, 1558746438030
197, 1558746437, 1558746438126
197, 1558746437, 1558746438221
197, 1558746437, 1558746438315
197, 1558746437, 1558746438410
197, 1558746437, 1558746438506
197, 1558746437, 1558746438602
197, 1558746437, 1558746438697
196, 1558746438, 1558746438797
196, 1558746438, 1558746438893
196, 1558746438, 1558746438987
196, 1558746438, 1558746439083
196, 1558746438, 1558746439178
196, 1558746438, 1558746439275
196, 1558746438, 1558746439370
196, 1558746438, 1558746439465
196, 1558746438, 1558746439560
196, 1558746438, 1558746439656
197, 1558746439, 1558746439759
197, 1558746439, 1558746439853
197, 1558746439, 1558746439947
197, 1558746439, 1558746440044
197, 1558746439, 1558746440139
197, 1558746439, 1558746440235
197, 1558746439, 1558746440333
197, 1558746439, 1558746440427
197, 1558746439, 1558746440522
197, 1558746439, 1558746440617
197, 1558746439, 1558746440712
195, 1558746440, 1558746440813
195, 1558746440, 1558746440907
195, 1558746440, 1558746441002
195, 1558746440, 1558746441096
195, 1558746440, 1558746441191
195, 1558746440, 1558746441286
195, 1558746440, 1558746441380
195, 1558746440, 1558746441476
195, 1558746440, 1558746441571
195, 1558746440, 1558746441669
196, 1558746441, 1558746441772
196, 1558746441, 1558746441866
196, 1558746441, 1558746441960
196, 1558746441, 1558746442054
196, 1558746441, 1558746442149
196, 1558746441, 1558746442245
196, 1558746441, 1558746442339
196, 1558746441, 1558746442434
196, 1558746441, 1558746442528
196, 1558746441, 1558746442622
196, 1558746441, 1558746442716
195, 1558746442, 1558746442816
195, 1558746442, 1558746442911
195, 1558746442, 1558746443006
195, 1558746442, 1558746443102
195, 1558746442, 1558746443195
195, 1558746442, 1558746443291
195, 1558746442, 1558746443387
195, 1558746442, 1558746443482
195, 1558746442, 1558746443580
196, 1558746442, 1558746443675
196, 1558746443, 1558746443776
196, 1558746443, 1558746443874
196, 1558746443, 1558746443971
196, 1558746443, 1558746444070
196, 1558746443, 1558746444169
196, 1558746443, 1558746444265
196, 1558746443, 1558746444361
196, 1558746443, 1558746444456
196, 1558746443, 1558746444552
196, 1558746443, 1558746444649
196, 1558746443, 1558746444744
196, 1558746444, 1558746444847
196, 1558746444, 1558746444943
196, 1558746444, 1558746445037
196, 1558746444, 1558746445134
196, 1558746444, 1558746445230
196, 1558746444, 1558746445324
196, 1558746444, 1558746445421
196, 1558746444, 1558746445516
196, 1558746444, 1558746445611
196, 1558746444, 1558746445710
196, 1558746445, 1558746445806
196, 1558746445, 1558746445902
196, 1558746445, 1558746445996
196, 1558746445, 1558746446092
196, 1558746445, 1558746446187
196, 1558746445, 1558746446281
196, 1558746445, 1558746446376
196, 1558746445, 1558746446472
196, 1558746445, 1558746446567
196, 1558746445, 1558746446664
197, 1558746446, 1558746446763
197, 1558746446, 1558746446861
197, 1558746446, 1558746446955
197, 1558746446, 1558746447050
197, 1558746446, 1558746447146
197, 1558746446, 1558746447241
197, 1558746446, 1558746447336
197, 1558746446, 1558746447429
197, 1558746446, 1558746447524
197, 1558746446, 1558746447619
195, 1558746446, 1558746447716
195, 1558746447, 1558746447810
195, 1558746447, 1558746447906
195, 1558746447, 1558746448000
195, 1558746447, 1558746448097
195, 1558746447, 1558746448192
195, 1558746447, 1558746448286
195, 1558746447, 1558746448382
195, 1558746447, 1558746448476
195, 1558746447, 1558746448569
195, 1558746447, 1558746448662
195, 1558746447, 1558746448765
195, 1558746447, 1558746448862
195, 1558746447, 1558746448960
195, 1558746448, 1558746449057
195, 1558746448, 1558746449156
195, 1558746448, 1558746449252
195, 1558746448, 1558746449350
195, 1558746448, 1558746449446
195, 1558746448, 1558746449543
195, 1558746448, 1558746449641
195, 1558746448, 1558746449738
195, 1558746448, 1558746449834
195, 1558746448, 1558746449929
195, 1558746448, 1558746450024
195, 1558746450, 1558746450120
195, 1558746450, 1558746450215
195, 1558746450, 1558746450310
195, 1558746450, 1558746450404
195, 1558746450, 1558746450502
195, 1558746450, 1558746450597
195, 1558746450, 1558746450692
196, 1558746450, 1558746450792
196, 1558746450, 1558746450887
196, 1558746450, 1558746450985
196, 1558746450, 1558746451080
196, 1558746450, 1558746451178
196, 1558746450, 1558746451274
196, 1558746450, 1558746451368
196, 1558746450, 1558746451461
196, 1558746450, 1558746451555
196, 1558746450, 1558746451653
196, 1558746451, 1558746451752
196, 1558746451, 1558746451847
196, 1558746451, 1558746451941
196, 1558746451, 1558746452035
196, 1558746451, 1558746452130
196, 1558746451, 1558746452224
196, 1558746451, 1558746452320
196, 1558746451, 1558746452414
196, 1558746451, 1558746452509
196, 1558746451, 1558746452602
196, 1558746451, 1558746452697
195, 1558746452, 1558746452797
195, 1558746452, 1558746452892
195, 1558746452, 1558746452983
195, 1558746452, 1558746453077
195, 1558746452, 1558746453174
195, 1558746452, 1558746453267
195, 1558746452, 1558746453360
195, 1558746452, 1558746453453
195, 1558746452, 1558746453547
195, 1558746452, 1558746453641
195, 1558746452, 1558746453735
195, 1558746452, 1558746453832
195, 1558746452, 1558746453926
195, 1558746452, 1558746454018
195, 1558746452, 1558746454111
195, 1558746454, 1558746454208
195, 1558746454, 1558746454302
195, 1558746454, 1558746454398
195, 1558746454, 1558746454492
195, 1558746454, 1558746454586
195, 1558746454, 1558746454681
196, 1558746454, 1558746454776
196, 1558746454, 1558746454877
196, 1558746454, 1558746454975
196, 1558746454, 1558746455072
196, 1558746454, 1558746455169
196, 1558746454, 1558746455269
196, 1558746454, 1558746455369
196, 1558746454, 1558746455468
196, 1558746454, 1558746455569
196, 1558746454, 1558746455669
196, 1558746455, 1558746455773
196, 1558746455, 1558746455874
196, 1558746455, 1558746455974
196, 1558746455, 1558746456070
196, 1558746455, 1558746456170
196, 1558746455, 1558746456271
196, 1558746455, 1558746456371
196, 1558746455, 1558746456471
196, 1558746455, 1558746456570
196, 1558746455, 1558746456669
196, 1558746455, 1558746456773
196, 1558746455, 1558746456873
195, 1558746455, 1558746456973
195, 1558746457, 1558746457075
195, 1558746457, 1558746457172
195, 1558746457, 1558746457270
195, 1558746457, 1558746457374
195, 1558746457, 1558746457471
195, 1558746457, 1558746457566
195, 1558746457, 1558746457662
195, 1558746457, 1558746457760
195, 1558746457, 1558746457857
195, 1558746457, 1558746457952
195, 1558746457, 1558746458053
195, 1558746457, 1558746458148
195, 1558746457, 1558746458244
195, 1558746457, 1558746458339
195, 1558746457, 1558746458435
195, 1558746457, 1558746458531
195, 1558746457, 1558746458629
195, 1558746457, 1558746458727
195, 1558746458, 1558746458830
195, 1558746458, 1558746458933
195, 1558746458, 1558746459035
195, 1558746458, 1558746459138
195, 1558746458, 1558746459241
195, 1558746458, 1558746459346
195, 1558746458, 1558746459449
195, 1558746458, 1558746459551
195, 1558746458, 1558746459654
196, 1558746458, 1558746459757
196, 1558746459, 1558746459865
196, 1558746459, 1558746459972
196, 1558746459, 1558746460079
196, 1558746459, 1558746460187
196, 1558746459, 1558746460296
196, 1558746459, 1558746460402
196, 1558746459, 1558746460511
196, 1558746459, 1558746460620
195, 1558746459, 1558746460732
195, 1558746460, 1558746460841
195, 1558746460, 1558746460948
195, 1558746460, 1558746461052
195, 1558746460, 1558746461158
195, 1558746460, 1558746461262
195, 1558746460, 1558746461365
195, 1558746460, 1558746461471
195, 1558746460, 1558746461579
195, 1558746460, 1558746461686
195, 1558746461, 1558746461794
195, 1558746461, 1558746461899
195, 1558746461, 1558746462003
195, 1558746461, 1558746462106
195, 1558746461, 1558746462210
195, 1558746461, 1558746462315
195, 1558746461, 1558746462419
195, 1558746461, 1558746462523
195, 1558746461, 1558746462626
195, 1558746461, 1558746462728
195, 1558746461, 1558746462830
195, 1558746461, 1558746462933
195, 1558746462, 1558746463039
195, 1558746462, 1558746463144
195, 1558746462, 1558746463248
195, 1558746462, 1558746463351
195, 1558746462, 1558746463453
195, 1558746462, 1558746463555
195, 1558746462, 1558746463659
196, 1558746462, 1558746463763
196, 1558746463, 1558746463868
196, 1558746463, 1558746463974
196, 1558746463, 1558746464081
196, 1558746463, 1558746464185
196, 1558746463, 1558746464289
196, 1558746463, 1558746464390
196, 1558746463, 1558746464491
196, 1558746463, 1558746464590
196, 1558746463, 1558746464689
195, 1558746464, 1558746464791
195, 1558746464, 1558746464888
195, 1558746464, 1558746464984
195, 1558746464, 1558746465081
195, 1558746464, 1558746465179
195, 1558746464, 1558746465278
195, 1558746464, 1558746465374
195, 1558746464, 1558746465472
195, 1558746464, 1558746465569
195, 1558746464, 1558746465665
196, 1558746464, 1558746465760
196, 1558746465, 1558746465859
196, 1558746465, 1558746465958
196, 1558746465, 1558746466058
196, 1558746465, 1558746466156
196, 1558746465, 1558746466252
196, 1558746465, 1558746466351
196, 1558746465, 1558746466446
196, 1558746465, 1558746466543
196, 1558746465, 1558746466641
196, 1558746465, 1558746466735
196, 1558746466, 1558746466835
196, 1558746466, 1558746466930
196, 1558746466, 1558746467024
196, 1558746466, 1558746467120
196, 1558746466, 1558746467215
196, 1558746466, 1558746467309
196, 1558746466, 1558746467403
196, 1558746466, 1558746467498
196, 1558746466, 1558746467593
196, 1558746466, 1558746467689
196, 1558746466, 1558746467787
196, 1558746467, 1558746467882
196, 1558746467, 1558746467979
196, 1558746467, 1558746468077
196, 1558746467, 1558746468170
196, 1558746467, 1558746468265
196, 1558746467, 1558746468360
196, 1558746467, 1558746468454
196, 1558746467, 1558746468550
196, 1558746467, 1558746468645
196, 1558746467, 1558746468740
196, 1558746468, 1558746468839
196, 1558746468, 1558746468936
196, 1558746468, 1558746469032
196, 1558746468, 1558746469127
196, 1558746468, 1558746469219
196, 1558746468, 1558746469314
196, 1558746468, 1558746469412
196, 1558746468, 1558746469506
196, 1558746468, 1558746469601
196, 1558746468, 1558746469696
197, 1558746468, 1558746469794
197, 1558746469, 1558746469891
197, 1558746469, 1558746469986
197, 1558746469, 1558746470081
197, 1558746469, 1558746470178
197, 1558746469, 1558746470272
197, 1558746469, 1558746470367
197, 1558746469, 1558746470462
197, 1558746469, 1558746470556
197, 1558746469, 1558746470654
196, 1558746470, 1558746470751
196, 1558746470, 1558746470846
196, 1558746470, 1558746470937
196, 1558746470, 1558746471032
196, 1558746470, 1558746471126
196, 1558746470, 1558746471220
196, 1558746470, 1558746471315
196, 1558746470, 1558746471412
196, 1558746470, 1558746471507
196, 1558746470, 1558746471602
196, 1558746470, 1558746471698
196, 1558746470, 1558746471794
196, 1558746471, 1558746471894
196, 1558746471, 1558746471992
196, 1558746471, 1558746472089
196, 1558746471, 1558746472184
196, 1558746471, 1558746472278
196, 1558746471, 1558746472373
196, 1558746471, 1558746472471
196, 1558746471, 1558746472566
196, 1558746471, 1558746472663
196, 1558746471, 1558746472762
196, 1558746472, 1558746472859
196, 1558746472, 1558746472953
196, 1558746472, 1558746473047
196, 1558746472, 1558746473143
196, 1558746472, 1558746473238
196, 1558746472, 1558746473333
196, 1558746472, 1558746473427
196, 1558746472, 1558746473523
196, 1558746472, 1558746473618
196, 1558746472, 1558746473714
195, 1558746472, 1558746473809
195, 1558746473, 1558746473909
195, 1558746473, 1558746474007
195, 1558746473, 1558746474105
195, 1558746473, 1558746474202
195, 1558746473, 1558746474300
195, 1558746473, 1558746474396
195, 1558746473, 1558746474491
195, 1558746473, 1558746474587
195, 1558746473, 1558746474681
195, 1558746473, 1558746474779
195, 1558746474, 1558746474876
195, 1558746474, 1558746474970
195, 1558746474, 1558746475066
195, 1558746474, 1558746475160
195, 1558746474, 1558746475255
195, 1558746474, 1558746475353
195, 1558746474, 1558746475449
195, 1558746474, 1558746475546
195, 1558746474, 1558746475641
195, 1558746474, 1558746475736
196, 1558746475, 1558746475839
196, 1558746475, 1558746475935
196, 1558746475, 1558746476030
196, 1558746475, 1558746476126
196, 1558746475, 1558746476220
196, 1558746475, 1558746476314
196, 1558746475, 1558746476412
196, 1558746475, 1558746476506
196, 1558746475, 1558746476601
196, 1558746475, 1558746476699
195, 1558746475, 1558746476796
195, 1558746476, 1558746476892
195, 1558746476, 1558746476987
195, 1558746476, 1558746477085
195, 1558746476, 1558746477179
195, 1558746476, 1558746477274
195, 1558746476, 1558746477369
195, 1558746476, 1558746477463
195, 1558746476, 1558746477556
195, 1558746476, 1558746477653
195, 1558746476, 1558746477750
195, 1558746477, 1558746477853
195, 1558746477, 1558746477949
195, 1558746477, 1558746478043
195, 1558746477, 1558746478137
195, 1558746477, 1558746478233
195, 1558746477, 1558746478328
195, 1558746477, 1558746478422
195, 1558746477, 1558746478518
195, 1558746477, 1558746478615
195, 1558746477, 1558746478710
195, 1558746477, 1558746478806
195, 1558746478, 1558746478907
195, 1558746478, 1558746478999
195, 1558746478, 1558746479094
195, 1558746478, 1558746479186
195, 1558746478, 1558746479279
195, 1558746478, 1558746479375
195, 1558746478, 1558746479469
195, 1558746478, 1558746479565
195, 1558746478, 1558746479660
195, 1558746478, 1558746479756
196, 1558746479, 1558746479852
196, 1558746479, 1558746479946
196, 1558746479, 1558746480063
196, 1558746479, 1558746480226
196, 1558746479, 1558746480374
196, 1558746479, 1558746480491
196, 1558746479, 1558746480612
203, 1558746479, 1558746480733
203, 1558746480, 1558746480855
203, 1558746480, 1558746480974
203, 1558746480, 1558746481091
203, 1558746480, 1558746481210
203, 1558746480, 1558746481328
203, 1558746480, 1558746481445
203, 1558746480, 1558746481563
203, 1558746480, 1558746481681
203, 1558746480, 1558746481798
203, 1558746480, 1558746481912
203, 1558746480, 1558746482024
199, 1558746482, 1558746482141
199, 1558746482, 1558746482260
199, 1558746482, 1558746482378
199, 1558746482, 1558746482493
199, 1558746482, 1558746482609
198, 1558746482, 1558746482725
198, 1558746482, 1558746482844
198, 1558746482, 1558746482963
198, 1558746482, 1558746483080
198, 1558746482, 1558746483202
198, 1558746482, 1558746483321
198, 1558746482, 1558746483439
198, 1558746482, 1558746483557
198, 1558746482, 1558746483674
198, 1558746482, 1558746483790
198, 1558746483, 1558746483909
198, 1558746483, 1558746484024
198, 1558746483, 1558746484140
198, 1558746483, 1558746484257
198, 1558746483, 1558746484377
198, 1558746483, 1558746484495
198, 1558746483, 1558746484612
197, 1558746483, 1558746484732
197, 1558746484, 1558746484855
197, 1558746484, 1558746484971
197, 1558746484, 1558746485084
197, 1558746484, 1558746485199
197, 1558746484, 1558746485315
197, 1558746484, 1558746485431
197, 1558746484, 1558746485546
197, 1558746484, 1558746485660
196, 1558746484, 1558746485768
196, 1558746485, 1558746485877
196, 1558746485, 1558746485980
196, 1558746485, 1558746486085
196, 1558746485, 1558746486190
196, 1558746485, 1558746486295
196, 1558746485, 1558746486401
196, 1558746485, 1558746486505
196, 1558746485, 1558746486610
196, 1558746485, 1558746486715
196, 1558746485, 1558746486820
196, 1558746486, 1558746486927
196, 1558746486, 1558746487035
196, 1558746486, 1558746487142
196, 1558746486, 1558746487248
196, 1558746486, 1558746487356
196, 1558746486, 1558746487466
196, 1558746486, 1558746487576
196, 1558746486, 1558746487684
196, 1558746486, 1558746487793
196, 1558746487, 1558746487901
196, 1558746487, 1558746488010
196, 1558746487, 1558746488117
196, 1558746487, 1558746488223
196, 1558746487, 1558746488328
196, 1558746487, 1558746488432
196, 1558746487, 1558746488539
196, 1558746487, 1558746488647
196, 1558746487, 1558746488754
196, 1558746488, 1558746488864
196, 1558746488, 1558746488970
196, 1558746488, 1558746489081
196, 1558746488, 1558746489192
196, 1558746488, 1558746489304
196, 1558746488, 1558746489420
196, 1558746488, 1558746489533
196, 1558746488, 1558746489645
196, 1558746488, 1558746489761
196, 1558746489, 1558746489878
196, 1558746489, 1558746489993
196, 1558746489, 1558746490109
196, 1558746489, 1558746490226
196, 1558746489, 1558746490342
196, 1558746489, 1558746490459
196, 1558746489, 1558746490574
196, 1558746489, 1558746490688
196, 1558746490, 1558746490806
196, 1558746490, 1558746490922
196, 1558746490, 1558746491037
196, 1558746490, 1558746491153
196, 1558746490, 1558746491268
196, 1558746490, 1558746491381
196, 1558746490, 1558746491493
196, 1558746490, 1558746491609
195, 1558746490, 1558746491722
195, 1558746491, 1558746491838
195, 1558746491, 1558746491952
195, 1558746491, 1558746492061
195, 1558746491, 1558746492174
195, 1558746491, 1558746492285
195, 1558746491, 1558746492398
195, 1558746491, 1558746492507
195, 1558746491, 1558746492617
195, 1558746491, 1558746492729
196, 1558746491, 1558746492840
196, 1558746492, 1558746492953
196, 1558746492, 1558746493065
196, 1558746492, 1558746493176
196, 1558746492, 1558746493288
196, 1558746492, 1558746493400
196, 1558746492, 1558746493512
196, 1558746492, 1558746493621
195, 1558746492, 1558746493731
195, 1558746493, 1558746493842
195, 1558746493, 1558746493948
195, 1558746493, 1558746494055
195, 1558746493, 1558746494159
195, 1558746493, 1558746494263
195, 1558746493, 1558746494368
195, 1558746493, 1558746494473
195, 1558746493, 1558746494578
195, 1558746493, 1558746494680
195, 1558746493, 1558746494781
195, 1558746494, 1558746494887
195, 1558746494, 1558746494989
195, 1558746494, 1558746495090
195, 1558746494, 1558746495191
195, 1558746494, 1558746495289
195, 1558746494, 1558746495386
195, 1558746494, 1558746495480
195, 1558746494, 1558746495575
195, 1558746494, 1558746495670
195, 1558746494, 1558746495765
196, 1558746495, 1558746495863
196, 1558746495, 1558746495958
196, 1558746495, 1558746496053
196, 1558746495, 1558746496146
196, 1558746495, 1558746496241
196, 1558746495, 1558746496337
196, 1558746495, 1558746496432
196, 1558746495, 1558746496527
196, 1558746495, 1558746496622
196, 1558746495, 1558746496718
196, 1558746495, 1558746496810
196, 1558746496, 1558746496904
196, 1558746496, 1558746496999
196, 1558746496, 1558746497094
196, 1558746496, 1558746497189
196, 1558746496, 1558746497284
196, 1558746496, 1558746497382
196, 1558746496, 1558746497476
196, 1558746496, 1558746497571
196, 1558746496, 1558746497665
196, 1558746496, 1558746497761
196, 1558746497, 1558746497859
196, 1558746497, 1558746497954
196, 1558746497, 1558746498048
196, 1558746497, 1558746498143
196, 1558746497, 1558746498238
196, 1558746497, 1558746498332
196, 1558746497, 1558746498426
196, 1558746497, 1558746498523
196, 1558746497, 1558746498618
196, 1558746497, 1558746498713
196, 1558746497, 1558746498809
196, 1558746498, 1558746498906
196, 1558746498, 1558746498999
196, 1558746498, 1558746499094
196, 1558746498, 1558746499190
196, 1558746498, 1558746499284
196, 1558746498, 1558746499379
196, 1558746498, 1558746499472
196, 1558746498, 1558746499570
196, 1558746498, 1558746499665
196, 1558746498, 1558746499758
196, 1558746499, 1558746499862
196, 1558746499, 1558746499957
196, 1558746499, 1558746500050
196, 1558746499, 1558746500145
196, 1558746499, 1558746500240
196, 1558746499, 1558746500335
196, 1558746499, 1558746500431
196, 1558746499, 1558746500527
196, 1558746499, 1558746500622
196, 1558746499, 1558746500717
196, 1558746499, 1558746500813
196, 1558746500, 1558746500916
196, 1558746500, 1558746501012
196, 1558746500, 1558746501107
196, 1558746500, 1558746501202
196, 1558746500, 1558746501298
196, 1558746500, 1558746501393
196, 1558746500, 1558746501488
196, 1558746500, 1558746501584
196, 1558746500, 1558746501681
196, 1558746500, 1558746501774
195, 1558746500, 1558746501871
195, 1558746501, 1558746501969
195, 1558746501, 1558746502064
195, 1558746501, 1558746502159
195, 1558746501, 1558746502255
195, 1558746501, 1558746502350
195, 1558746501, 1558746502445
195, 1558746501, 1558746502541
195, 1558746501, 1558746502635
195, 1558746501, 1558746502729
195, 1558746502, 1558746502828
195, 1558746502, 1558746502920
195, 1558746502, 1558746503015
195, 1558746502, 1558746503112
195, 1558746502, 1558746503205
195, 1558746502, 1558746503301
195, 1558746502, 1558746503396
195, 1558746502, 1558746503493
195, 1558746502, 1558746503589
195, 1558746502, 1558746503682
195, 1558746502, 1558746503778
195, 1558746502, 1558746503872
196, 1558746503, 1558746503970
196, 1558746503, 1558746504066
196, 1558746503, 1558746504160
196, 1558746503, 1558746504256
196, 1558746503, 1558746504350
196, 1558746503, 1558746504447
196, 1558746503, 1558746504540
196, 1558746503, 1558746504635
196, 1558746503, 1558746504733
196, 1558746503, 1558746504828
196, 1558746504, 1558746504924
196, 1558746504, 1558746505021
196, 1558746504, 1558746505116
196, 1558746504, 1558746505211
196, 1558746504, 1558746505305
196, 1558746504, 1558746505399
196, 1558746504, 1558746505494
196, 1558746504, 1558746505588
196, 1558746504, 1558746505684
196, 1558746504, 1558746505781
196, 1558746504, 1558746505875
196, 1558746505, 1558746505974
196, 1558746505, 1558746506069
196, 1558746505, 1558746506166
196, 1558746505, 1558746506259
196, 1558746505, 1558746506355
196, 1558746505, 1558746506450
196, 1558746505, 1558746506545
196, 1558746505, 1558746506641
196, 1558746505, 1558746506735
196, 1558746505, 1558746506830
196, 1558746505, 1558746506929
196, 1558746505, 1558746507023
195, 1558746505, 1558746507119
195, 1558746507, 1558746507218
195, 1558746507, 1558746507313
195, 1558746507, 1558746507409
195, 1558746507, 1558746507504
195, 1558746507, 1558746507599
195, 1558746507, 1558746507693
195, 1558746507, 1558746507788
196, 1558746507, 1558746507889
196, 1558746507, 1558746507984
196, 1558746507, 1558746508077
196, 1558746507, 1558746508171
196, 1558746507, 1558746508267
196, 1558746507, 1558746508364
196, 1558746507, 1558746508459
196, 1558746507, 1558746508555
196, 1558746507, 1558746508650
196, 1558746507, 1558746508746
195, 1558746507, 1558746508844
195, 1558746508, 1558746508941
195, 1558746508, 1558746509036
195, 1558746508, 1558746509132
195, 1558746508, 1558746509229
195, 1558746508, 1558746509322
195, 1558746508, 1558746509417
195, 1558746508, 1558746509512
195, 1558746508, 1558746509606
195, 1558746508, 1558746509700
195, 1558746508, 1558746509796
195, 1558746508, 1558746509891
196, 1558746509, 1558746509990
196, 1558746509, 1558746510086
196, 1558746509, 1558746510182
196, 1558746509, 1558746510278
196, 1558746509, 1558746510373
196, 1558746509, 1558746510466
196, 1558746509, 1558746510562
196, 1558746509, 1558746510657
196, 1558746509, 1558746510752
197, 1558746509, 1558746510851
197, 1558746510, 1558746510946
197, 1558746510, 1558746511041
197, 1558746510, 1558746511137
197, 1558746510, 1558746511232
197, 1558746510, 1558746511326
197, 1558746510, 1558746511420
197, 1558746510, 1558746511513
197, 1558746510, 1558746511609
197, 1558746510, 1558746511703
197, 1558746510, 1558746511795
197, 1558746511, 1558746511903
197, 1558746511, 1558746511998
197, 1558746511, 1558746512096
197, 1558746511, 1558746512192
197, 1558746511, 1558746512288
197, 1558746511, 1558746512384
197, 1558746511, 1558746512480
197, 1558746511, 1558746512575
197, 1558746511, 1558746512672
197, 1558746511, 1558746512768
196, 1558746511, 1558746512864
196, 1558746512, 1558746512961
196, 1558746512, 1558746513055
196, 1558746512, 1558746513150
196, 1558746512, 1558746513245
196, 1558746512, 1558746513339
196, 1558746512, 1558746513432
196, 1558746512, 1558746513526
196, 1558746512, 1558746513621
196, 1558746512, 1558746513715
196, 1558746512, 1558746513810
196, 1558746513, 1558746513907
196, 1558746513, 1558746514001
196, 1558746513, 1558746514095
196, 1558746513, 1558746514190
196, 1558746513, 1558746514284
196, 1558746513, 1558746514378
196, 1558746513, 1558746514473
196, 1558746513, 1558746514565
196, 1558746513, 1558746514659
196, 1558746513, 1558746514753
196, 1558746513, 1558746514845
196, 1558746514, 1558746514944
196, 1558746514, 1558746515041
196, 1558746514, 1558746515133
196, 1558746514, 1558746515230
196, 1558746514, 1558746515327
196, 1558746514, 1558746515421
196, 1558746514, 1558746515514
196, 1558746514, 1558746515611
196, 1558746514, 1558746515706
196, 1558746514, 1558746515803
196, 1558746514, 1558746515899
196, 1558746514, 1558746515994
196, 1558746514, 1558746516088
196, 1558746514, 1558746516184
196, 1558746514, 1558746516279
196, 1558746514, 1558746516376
197, 1558746514, 1558746516470
197, 1558746516, 1558746516567
197, 1558746516, 1558746516663
197, 1558746516, 1558746516758
197, 1558746516, 1558746516852
199, 1558746516, 1558746516952
199, 1558746516, 1558746517045
199, 1558746516, 1558746517138
199, 1558746516, 1558746517233
199, 1558746516, 1558746517328
199, 1558746516, 1558746517422
199, 1558746516, 1558746517516
199, 1558746516, 1558746517610
199, 1558746516, 1558746517704
199, 1558746516, 1558746517797
199, 1558746516, 1558746517893
199, 1558746517, 1558746517989
199, 1558746517, 1558746518084
199, 1558746517, 1558746518177
199, 1558746517, 1558746518272
199, 1558746517, 1558746518367
199, 1558746517, 1558746518464
199, 1558746517, 1558746518559
199, 1558746517, 1558746518655
199, 1558746517, 1558746518752
199, 1558746517, 1558746518851
199, 1558746518, 1558746518944
199, 1558746518, 1558746519041
199, 1558746518, 1558746519136
199, 1558746518, 1558746519232
199, 1558746518, 1558746519329
199, 1558746519, 1558746520194
199, 1558746519, 1558746520316
199, 1558746519, 1558746520438
199, 1558746519, 1558746520559
199, 1558746519, 1558746520675
199, 1558746519, 1558746520795
199, 1558746520, 1558746520913
199, 1558746520, 1558746521031
199, 1558746520, 1558746521148
199, 1558746520, 1558746521268
199, 1558746520, 1558746521388
199, 1558746520, 1558746521507
199, 1558746520, 1558746521628
199, 1558746520, 1558746521747
199, 1558746520, 1558746521871
199, 1558746521, 1558746521994
199, 1558746521, 1558746522114
199, 1558746521, 1558746522238
199, 1558746521, 1558746522357
199, 1558746521, 1558746522474
199, 1558746521, 1558746522591
199, 1558746521, 1558746522709
200, 1558746521, 1558746522827
200, 1558746522, 1558746522948
200, 1558746522, 1558746523068
200, 1558746522, 1558746523189
200, 1558746522, 1558746523308
200, 1558746522, 1558746523428
200, 1558746522, 1558746523548
200, 1558746522, 1558746523668
200, 1558746522, 1558746523787
199, 1558746522, 1558746523905
199, 1558746523, 1558746524023
199, 1558746523, 1558746524139
199, 1558746523, 1558746524256
199, 1558746523, 1558746524372
199, 1558746523, 1558746524489
199, 1558746523, 1558746524608
199, 1558746523, 1558746524728
199, 1558746523, 1558746524853
199, 1558746524, 1558746524971
199, 1558746524, 1558746525087
199, 1558746524, 1558746525204
199, 1558746524, 1558746525318
199, 1558746524, 1558746525429
199, 1558746524, 1558746525541
199, 1558746524, 1558746525651
199, 1558746524, 1558746525760
200, 1558746524, 1558746525868
200, 1558746525, 1558746525980
200, 1558746525, 1558746526092
200, 1558746525, 1558746526203
200, 1558746525, 1558746526316
200, 1558746525, 1558746526427
200, 1558746525, 1558746526539
200, 1558746525, 1558746526648
200, 1558746525, 1558746526757
200, 1558746525, 1558746526867
200, 1558746526, 1558746526971
200, 1558746526, 1558746527074
200, 1558746526, 1558746527180
200, 1558746526, 1558746527287
200, 1558746526, 1558746527392
200, 1558746526, 1558746527498
200, 1558746526, 1558746527605
200, 1558746526, 1558746527717
200, 1558746526, 1558746527828
200, 1558746527, 1558746527941
200, 1558746527, 1558746528052
200, 1558746527, 1558746528163
200, 1558746527, 1558746528274
200, 1558746527, 1558746528389
200, 1558746527, 1558746528504
200, 1558746527, 1558746528621
200, 1558746527, 1558746528736
200, 1558746528, 1558746528853
200, 1558746528, 1558746528968
200, 1558746528, 1558746529082
200, 1558746528, 1558746529199
200, 1558746528, 1558746529317
200, 1558746528, 1558746529433
200, 1558746528, 1558746529551
200, 1558746528, 1558746529672
200, 1558746528, 1558746529792
200, 1558746528, 1558746529911
200, 1558746529, 1558746530028
200, 1558746529, 1558746530146
200, 1558746529, 1558746530265
200, 1558746529, 1558746530387
200, 1558746529, 1558746530507
200, 1558746529, 1558746530627
200, 1558746529, 1558746530747
199, 1558746529, 1558746530869
199, 1558746530, 1558746530990
199, 1558746530, 1558746531108
199, 1558746530, 1558746531226
199, 1558746530, 1558746531345
199, 1558746530, 1558746531462
199, 1558746530, 1558746531579
199, 1558746530, 1558746531696
199, 1558746530, 1558746531814
199, 1558746530, 1558746531931
199, 1558746530, 1558746532046
199, 1558746531, 1558746532161
199, 1558746531, 1558746532276
199, 1558746531, 1558746532392
199, 1558746531, 1558746532507
199, 1558746531, 1558746532618
199, 1558746531, 1558746532732
199, 1558746531, 1558746532848
199, 1558746532, 1558746532961
199, 1558746532, 1558746533074
199, 1558746532, 1558746533189
199, 1558746532, 1558746533300
199, 1558746532, 1558746533412
199, 1558746532, 1558746533521
199, 1558746532, 1558746533629
199, 1558746532, 1558746533738
199, 1558746532, 1558746533846
199, 1558746532, 1558746533953
199, 1558746532, 1558746534059
199, 1558746532, 1558746534165
199, 1558746533, 1558746534275
199, 1558746533, 1558746534381
199, 1558746533, 1558746534484
199, 1558746533, 1558746534589
199, 1558746533, 1558746534694
199, 1558746533, 1558746534803
199, 1558746533, 1558746534915
199, 1558746534, 1558746535028
199, 1558746534, 1558746535138
199, 1558746534, 1558746535248
199, 1558746534, 1558746535357
199, 1558746534, 1558746535466
199, 1558746534, 1558746535573
199, 1558746534, 1558746535676
199, 1558746534, 1558746535781
199, 1558746534, 1558746535885
199, 1558746535, 1558746535993
199, 1558746535, 1558746536097
199, 1558746535, 1558746536202
199, 1558746535, 1558746536308
199, 1558746535, 1558746536413
199, 1558746535, 1558746536519
199, 1558746535, 1558746536625
199, 1558746535, 1558746536732
199, 1558746535, 1558746536837
199, 1558746536, 1558746536944
199, 1558746536, 1558746537049
199, 1558746536, 1558746537154
199, 1558746536, 1558746537261
199, 1558746536, 1558746537369
199, 1558746536, 1558746537475
199, 1558746536, 1558746537581
199, 1558746536, 1558746537689
199, 1558746536, 1558746537797
199, 1558746537, 1558746537909
199, 1558746537, 1558746538014
199, 1558746537, 1558746538118
199, 1558746537, 1558746538223
199, 1558746537, 1558746538329
199, 1558746537, 1558746538436
199, 1558746537, 1558746538544
199, 1558746537, 1558746538655
199, 1558746537, 1558746538764
199, 1558746537, 1558746538869
199, 1558746538, 1558746538974
199, 1558746538, 1558746539080
199, 1558746538, 1558746539185
199, 1558746538, 1558746539288
199, 1558746538, 1558746539393
199, 1558746538, 1558746539499
199, 1558746538, 1558746539605
199, 1558746538, 1558746539712
199, 1558746538, 1558746539817
199, 1558746538, 1558746539921
199, 1558746538, 1558746540025
199, 1558746538, 1558746540127
199, 1558746540, 1558746540231
199, 1558746540, 1558746540331
199, 1558746540, 1558746540432
199, 1558746540, 1558746540529
199, 1558746540, 1558746540624
199, 1558746540, 1558746540718
199, 1558746540, 1558746540813
199, 1558746540, 1558746540907
199, 1558746540, 1558746541003
199, 1558746540, 1558746541098
199, 1558746540, 1558746541194
199, 1558746540, 1558746541290
199, 1558746540, 1558746541385
199, 1558746540, 1558746541480
199, 1558746540, 1558746541576
199, 1558746540, 1558746541670
199, 1558746540, 1558746541764
199, 1558746540, 1558746541860
199, 1558746541, 1558746541963
199, 1558746541, 1558746542061
199, 1558746541, 1558746542160
199, 1558746541, 1558746542260
199, 1558746541, 1558746542358
199, 1558746541, 1558746542456
199, 1558746541, 1558746542554
199, 1558746541, 1558746542655
199, 1558746541, 1558746542753
199, 1558746541, 1558746542849
199, 1558746541, 1558746542943
199, 1558746542, 1558746543040
199, 1558746542, 1558746543133
199, 1558746542, 1558746543228
199, 1558746542, 1558746543323
199, 1558746542, 1558746543419
199, 1558746542, 1558746543514
199, 1558746542, 1558746543611
199, 1558746542, 1558746543708
199, 1558746542, 1558746543807
199, 1558746542, 1558746543899
199, 1558746543, 1558746544000
199, 1558746543, 1558746544094
199, 1558746543, 1558746544193
199, 1558746543, 1558746544288
199, 1558746543, 1558746544384
199, 1558746543, 1558746544484
199, 1558746543, 1558746544583
199, 1558746543, 1558746544680
199, 1558746543, 1558746544779
199, 1558746543, 1558746544878
199, 1558746543, 1558746544977
199, 1558746544, 1558746545074
199, 1558746544, 1558746545167
199, 1558746544, 1558746545263
199, 1558746544, 1558746545359
199, 1558746544, 1558746545454
199, 1558746544, 1558746545549
199, 1558746544, 1558746545644
199, 1558746544, 1558746545739
199, 1558746544, 1558746545837
199, 1558746544, 1558746545937
199, 1558746544, 1558746546033
199, 1558746544, 1558746546130
199, 1558746545, 1558746546227
199, 1558746545, 1558746546326
199, 1558746545, 1558746546424
199, 1558746545, 1558746546523
199, 1558746545, 1558746546621
199, 1558746545, 1558746546719
199, 1558746545, 1558746546818
199, 1558746545, 1558746546913
199, 1558746546, 1558746547040
199, 1558746546, 1558746547152
199, 1558746546, 1558746547262
199, 1558746546, 1558746547370
199, 1558746546, 1558746547478
199, 1558746546, 1558746547585
199, 1558746546, 1558746547693
199, 1558746546, 1558746547799
199, 1558746546, 1558746547906
199, 1558746547, 1558746548008
199, 1558746547, 1558746548104
199, 1558746547, 1558746548202
199, 1558746547, 1558746548301
199, 1558746547, 1558746548398
199, 1558746547, 1558746548491
199, 1558746547, 1558746548589
199, 1558746547, 1558746548683
199, 1558746547, 1558746548781
199, 1558746547, 1558746548876
199, 1558746548, 1558746548976
199, 1558746548, 1558746549074
199, 1558746548, 1558746549168
199, 1558746548, 1558746549264
199, 1558746548, 1558746549359
199, 1558746548, 1558746549453
199, 1558746548, 1558746549549
199, 1558746548, 1558746549645
199, 1558746548, 1558746549742
199, 1558746548, 1558746549841
199, 1558746548, 1558746549942
199, 1558746548, 1558746550041
199, 1558746548, 1558746550139
199, 1558746549, 1558746550242
199, 1558746549, 1558746550340
199, 1558746549, 1558746550440
199, 1558746549, 1558746550538
199, 1558746549, 1558746550634
199, 1558746549, 1558746550727
199, 1558746549, 1558746550824
199, 1558746549, 1558746550920
199, 1558746550, 1558746551023
199, 1558746550, 1558746551119
199, 1558746550, 1558746551213
199, 1558746550, 1558746551313
199, 1558746550, 1558746551413
199, 1558746550, 1558746551513
199, 1558746550, 1558746551611
199, 1558746550, 1558746551706
199, 1558746550, 1558746551803
199, 1558746551, 1558746551906
199, 1558746551, 1558746552005
199, 1558746551, 1558746552102
199, 1558746551, 1558746552200
199, 1558746551, 1558746552298
199, 1558746551, 1558746552393
199, 1558746551, 1558746552489
199, 1558746551, 1558746552585
199, 1558746551, 1558746552683
199, 1558746551, 1558746552779
199, 1558746551, 1558746552874
199, 1558746552, 1558746552974
199, 1558746552, 1558746553067
199, 1558746552, 1558746553163
199, 1558746552, 1558746553259
199, 1558746552, 1558746553355
199, 1558746552, 1558746553449
199, 1558746552, 1558746553545
199, 1558746552, 1558746553639
199, 1558746552, 1558746553736
199, 1558746552, 1558746553830
199, 1558746552, 1558746553926
199, 1558746552, 1558746554022
199, 1558746552, 1558746554117
199, 1558746552, 1558746554214
199, 1558746552, 1558746554309
199, 1558746554, 1558746554407
199, 1558746554, 1558746554501
199, 1558746554, 1558746554595
199, 1558746554, 1558746554691
199, 1558746554, 1558746554788
199, 1558746554, 1558746554881
199, 1558746554, 1558746554977
199, 1558746554, 1558746555072
199, 1558746554, 1558746555164
199, 1558746554, 1558746555262
199, 1558746554, 1558746555358
199, 1558746554, 1558746555455
199, 1558746554, 1558746555554
199, 1558746554, 1558746555650
199, 1558746554, 1558746555746
199, 1558746554, 1558746555843
199, 1558746555, 1558746555943
199, 1558746555, 1558746556041
199, 1558746555, 1558746556139
199, 1558746555, 1558746556237
199, 1558746555, 1558746556334
199, 1558746555, 1558746556431
199, 1558746555, 1558746556529
199, 1558746555, 1558746556627
199, 1558746555, 1558746556723
199, 1558746555, 1558746556821
199, 1558746555, 1558746556914
199, 1558746556, 1558746557015
199, 1558746556, 1558746557111
199, 1558746556, 1558746557206
199, 1558746556, 1558746557300
199, 1558746556, 1558746557394
199, 1558746556, 1558746557491
199, 1558746556, 1558746557587
199, 1558746556, 1558746557681
199, 1558746556, 1558746557776
199, 1558746556, 1558746557869
199, 1558746557, 1558746557965
199, 1558746557, 1558746558060
199, 1558746557, 1558746558155
199, 1558746557, 1558746558249
199, 1558746557, 1558746558343
199, 1558746557, 1558746558441
199, 1558746557, 1558746558536
199, 1558746557, 1558746558630
199, 1558746557, 1558746558724
199, 1558746557, 1558746558823
199, 1558746557, 1558746558918
199, 1558746558, 1558746559017
199, 1558746558, 1558746559111
199, 1558746558, 1558746559206
199, 1558746558, 1558746559302
199, 1558746558, 1558746559396
199, 1558746558, 1558746559492
199, 1558746558, 1558746559589
199, 1558746558, 1558746559683
199, 1558746558, 1558746559777
199, 1558746558, 1558746559871
199, 1558746558, 1558746559968
200, 1558746559, 1558746560065
200, 1558746559, 1558746560160
200, 1558746559, 1558746560255
200, 1558746559, 1558746560350
200, 1558746559, 1558746560443
200, 1558746559, 1558746560542
200, 1558746559, 1558746560635
200, 1558746559, 1558746560730
200, 1558746559, 1558746560822
199, 1558746559, 1558746560919
199, 1558746560, 1558746561017
199, 1558746560, 1558746561113
199, 1558746560, 1558746561210
199, 1558746560, 1558746561305
199, 1558746560, 1558746561399
199, 1558746560, 1558746561495
199, 1558746560, 1558746561590
199, 1558746560, 1558746561688
199, 1558746560, 1558746561781
199, 1558746560, 1558746561879
199, 1558746560, 1558746561976
199, 1558746562, 1558746562077
199, 1558746562, 1558746562174
199, 1558746562, 1558746562270
199, 1558746562, 1558746562365
199, 1558746562, 1558746562461
199, 1558746562, 1558746562554
199, 1558746562, 1558746562648
199, 1558746562, 1558746562745
199, 1558746562, 1558746562840
199, 1558746562, 1558746562936
199, 1558746562, 1558746563039
199, 1558746562, 1558746563137
199, 1558746562, 1558746563234
199, 1558746562, 1558746563331
199, 1558746562, 1558746563427
199, 1558746562, 1558746563523
199, 1558746562, 1558746563619
199, 1558746562, 1558746563712
199, 1558746562, 1558746563807
199, 1558746562, 1558746563903
199, 1558746562, 1558746563997
199, 1558746564, 1558746564103
199, 1558746564, 1558746564201
199, 1558746564, 1558746564299
199, 1558746564, 1558746564395
199, 1558746564, 1558746564491
199, 1558746564, 1558746564587
199, 1558746564, 1558746564687
199, 1558746564, 1558746564785
199, 1558746564, 1558746564884
199, 1558746564, 1558746564982
199, 1558746564, 1558746565077
199, 1558746564, 1558746565175
199, 1558746565, 1558746565273
199, 1558746565, 1558746565369
199, 1558746565, 1558746565465
199, 1558746565, 1558746565561
199, 1558746565, 1558746565656
199, 1558746565, 1558746565750
199, 1558746565, 1558746565846
199, 1558746565, 1558746565942
198, 1558746565, 1558746566041
198, 1558746565, 1558746566135
198, 1558746565, 1558746566231
198, 1558746565, 1558746566325
198, 1558746565, 1558746566420
198, 1558746565, 1558746566516
198, 1558746565, 1558746566609
198, 1558746565, 1558746566703
198, 1558746565, 1558746566797
198, 1558746565, 1558746566891
199, 1558746566, 1558746566992
199, 1558746566, 1558746567088
199, 1558746566, 1558746567183
199, 1558746566, 1558746567277
199, 1558746566, 1558746567371
199, 1558746566, 1558746567463
199, 1558746566, 1558746567558
199, 1558746566, 1558746567653
199, 1558746566, 1558746567748
199, 1558746566, 1558746567844
199, 1558746566, 1558746567940
199, 1558746567, 1558746568042
199, 1558746567, 1558746568136
199, 1558746567, 1558746568233
199, 1558746567, 1558746568329
199, 1558746567, 1558746568422
199, 1558746567, 1558746568518
199, 1558746567, 1558746568613
199, 1558746567, 1558746568711
199, 1558746567, 1558746568807
199, 1558746567, 1558746568902
199, 1558746568, 1558746569007
199, 1558746568, 1558746569102
199, 1558746568, 1558746569202
199, 1558746568, 1558746569304
199, 1558746568, 1558746569409
199, 1558746568, 1558746569513
199, 1558746568, 1558746569617
199, 1558746568, 1558746569721
199, 1558746568, 1558746569824
199, 1558746568, 1558746569928
199, 1558746569, 1558746570033
199, 1558746569, 1558746570136
199, 1558746569, 1558746570240
199, 1558746569, 1558746570341
199, 1558746569, 1558746570441
199, 1558746569, 1558746570541
199, 1558746569, 1558746570638
199, 1558746569, 1558746570734
199, 1558746569, 1558746570833
199, 1558746569, 1558746570929
199, 1558746570, 1558746571034
199, 1558746570, 1558746571137
199, 1558746570, 1558746571237
199, 1558746570, 1558746571339
199, 1558746570, 1558746571439
199, 1558746570, 1558746571536
199, 1558746570, 1558746571633
199, 1558746570, 1558746571723
199, 1558746570, 1558746571821
199, 1558746570, 1558746571913
199, 1558746571, 1558746572018
199, 1558746571, 1558746572116
199, 1558746571, 1558746572216
199, 1558746571, 1558746572318
199, 1558746571, 1558746572420
199, 1558746571, 1558746572521
199, 1558746571, 1558746572623
199, 1558746571, 1558746572721
199, 1558746571, 1558746572818
199, 1558746571, 1558746572917
199, 1558746572, 1558746573018
199, 1558746572, 1558746573118
199, 1558746572, 1558746573214
199, 1558746572, 1558746573308
199, 1558746572, 1558746573402
199, 1558746572, 1558746573498
199, 1558746572, 1558746573591
199, 1558746572, 1558746573686
199, 1558746572, 1558746573783
199, 1558746572, 1558746573884
199, 1558746572, 1558746573985
199, 1558746573, 1558746574087
199, 1558746573, 1558746574191
199, 1558746573, 1558746574293
199, 1558746573, 1558746574396
199, 1558746573, 1558746574499
199, 1558746573, 1558746574602
199, 1558746573, 1558746574705
199, 1558746573, 1558746574810
199, 1558746573, 1558746574914
199, 1558746573, 1558746575021
199, 1558746573, 1558746575127
199, 1558746573, 1558746575236
199, 1558746575, 1558746575343
199, 1558746575, 1558746575451
199, 1558746575, 1558746575558
199, 1558746575, 1558746575666
199, 1558746575, 1558746575772
199, 1558746575, 1558746575879
199, 1558746575, 1558746575987
199, 1558746575, 1558746576092
199, 1558746575, 1558746576196
199, 1558746575, 1558746576299
199, 1558746575, 1558746576402
199, 1558746575, 1558746576506
199, 1558746575, 1558746576612
199, 1558746575, 1558746576719
199, 1558746575, 1558746576826
199, 1558746575, 1558746576931
199, 1558746576, 1558746577037
199, 1558746576, 1558746577143
199, 1558746576, 1558746577248
199, 1558746576, 1558746577351
199, 1558746576, 1558746577455
199, 1558746576, 1558746577564
199, 1558746576, 1558746577669
199, 1558746576, 1558746577776
199, 1558746576, 1558746577883
199, 1558746576, 1558746577987
199, 1558746577, 1558746578093
199, 1558746577, 1558746578197
199, 1558746577, 1558746578302
199, 1558746577, 1558746578410
199, 1558746577, 1558746578516
199, 1558746577, 1558746578622
199, 1558746577, 1558746578726
199, 1558746577, 1558746578832
198, 1558746577, 1558746578939
198, 1558746578, 1558746579047
198, 1558746578, 1558746579150
198, 1558746578, 1558746579253
198, 1558746578, 1558746579358
198, 1558746578, 1558746579463
198, 1558746578, 1558746579566
198, 1558746578, 1558746579668
198, 1558746578, 1558746579768
198, 1558746578, 1558746579867
199, 1558746578, 1558746579964
199, 1558746579, 1558746580060
199, 1558746579, 1558746580155
199, 1558746579, 1558746580251
199, 1558746579, 1558746580344
199, 1558746579, 1558746580436
199, 1558746579, 1558746580529
199, 1558746579, 1558746580628
199, 1558746579, 1558746580723
199, 1558746579, 1558746580817
199, 1558746579, 1558746580915
199, 1558746579, 1558746581013
199, 1558746579, 1558746581109
199, 1558746579, 1558746581205
199, 1558746580, 1558746581302
199, 1558746580, 1558746581397
199, 1558746580, 1558746581489
199, 1558746580, 1558746581581
199, 1558746580, 1558746581678
199, 1558746580, 1558746581773
199, 1558746580, 1558746581868
199, 1558746580, 1558746581962
199, 1558746581, 1558746582062
199, 1558746581, 1558746582157
199, 1558746581, 1558746582251
199, 1558746581, 1558746582346
199, 1558746581, 1558746582442
199, 1558746581, 1558746582538
199, 1558746581, 1558746582635
199, 1558746581, 1558746582730
199, 1558746581, 1558746582823
199, 1558746581, 1558746582917
198, 1558746582, 1558746583017
198, 1558746582, 1558746583114
198, 1558746582, 1558746583209
198, 1558746582, 1558746583303
198, 1558746582, 1558746583400
198, 1558746582, 1558746583494
198, 1558746582, 1558746583591
198, 1558746582, 1558746583688
198, 1558746582, 1558746583784
198, 1558746582, 1558746583879
199, 1558746582, 1558746583974
199, 1558746583, 1558746584073
199, 1558746583, 1558746584169
199, 1558746583, 1558746584265
199, 1558746583, 1558746584358
199, 1558746583, 1558746584451
199, 1558746583, 1558746584549
199, 1558746583, 1558746584645
199, 1558746583, 1558746584740
199, 1558746583, 1558746584834
199, 1558746583, 1558746584931
199, 1558746583, 1558746585026
199, 1558746585, 1558746585126
199, 1558746585, 1558746585220
199, 1558746585, 1558746585317
199, 1558746585, 1558746585414
199, 1558746585, 1558746585513
199, 1558746585, 1558746585612
199, 1558746585, 1558746585711
199, 1558746585, 1558746585809
199, 1558746585, 1558746585907
199, 1558746585, 1558746586003
199, 1558746585, 1558746586099
199, 1558746585, 1558746586196
199, 1558746585, 1558746586293
199, 1558746585, 1558746586389
199, 1558746585, 1558746586485
199, 1558746585, 1558746586578
199, 1558746585, 1558746586673
199, 1558746585, 1558746586767
199, 1558746585, 1558746586863
199, 1558746585, 1558746586958
199, 1558746586, 1558746587057
199, 1558746586, 1558746587154
199, 1558746586, 1558746587252
199, 1558746586, 1558746587347
199, 1558746586, 1558746587444
199, 1558746586, 1558746587537
199, 1558746586, 1558746587634
199, 1558746586, 1558746587732
199, 1558746586, 1558746587831
199, 1558746586, 1558746587929
199, 1558746587, 1558746588033
199, 1558746587, 1558746588128
199, 1558746587, 1558746588223
199, 1558746587, 1558746588319
199, 1558746587, 1558746588415
199, 1558746587, 1558746588509
199, 1558746587, 1558746588602
199, 1558746587, 1558746588696
199, 1558746587, 1558746588790
199, 1558746587, 1558746588887
199, 1558746588, 1558746588985
199, 1558746588, 1558746589082
199, 1558746588, 1558746589176
199, 1558746588, 1558746589270
199, 1558746588, 1558746589365
199, 1558746588, 1558746589461
199, 1558746588, 1558746589556
199, 1558746588, 1558746589651
199, 1558746588, 1558746589747
199, 1558746588, 1558746589840
199, 1558746588, 1558746589935
199, 1558746589, 1558746590035
199, 1558746589, 1558746590130
199, 1558746589, 1558746590228
199, 1558746589, 1558746590324
199, 1558746589, 1558746590419
199, 1558746589, 1558746590514
199, 1558746589, 1558746590609
199, 1558746589, 1558746590704
199, 1558746589, 1558746590803
199, 1558746589, 1558746590902
199, 1558746589, 1558746590999
199, 1558746590, 1558746591104
199, 1558746590, 1558746591207
199, 1558746590, 1558746591307
199, 1558746590, 1558746591405
199, 1558746590, 1558746591502
199, 1558746590, 1558746591600
199, 1558746590, 1558746591698
199, 1558746590, 1558746591794
199, 1558746590, 1558746591892
198, 1558746591, 1558746591989
198, 1558746591, 1558746592084
198, 1558746591, 1558746592181
198, 1558746591, 1558746592282
198, 1558746591, 1558746592378
198, 1558746591, 1558746592473
198, 1558746591, 1558746592568
198, 1558746591, 1558746592662
198, 1558746591, 1558746592755
198, 1558746591, 1558746592847
198, 1558746591, 1558746592944
199, 1558746591, 1558746593042
199, 1558746593, 1558746593139
199, 1558746593, 1558746593231
199, 1558746593, 1558746593325
199, 1558746593, 1558746593419
199, 1558746593, 1558746593513
199, 1558746593, 1558746593607
199, 1558746593, 1558746593700
199, 1558746593, 1558746593792
199, 1558746593, 1558746593887
199, 1558746593, 1558746593983
198, 1558746593, 1558746594085
198, 1558746593, 1558746594183
198, 1558746593, 1558746594277
198, 1558746593, 1558746594372
198, 1558746593, 1558746594467
198, 1558746593, 1558746594563
198, 1558746593, 1558746594654
198, 1558746593, 1558746594750
198, 1558746593, 1558746594845
198, 1558746593, 1558746594939
199, 1558746593, 1558746595036
199, 1558746595, 1558746595133
199, 1558746595, 1558746595229
199, 1558746595, 1558746595320
199, 1558746595, 1558746595414
199, 1558746595, 1558746595512
199, 1558746595, 1558746595610
199, 1558746595, 1558746595705
199, 1558746595, 1558746595800
199, 1558746595, 1558746595895
199, 1558746595, 1558746595991
199, 1558746595, 1558746596087
199, 1558746595, 1558746596180
199, 1558746595, 1558746596276
199, 1558746595, 1558746596372
199, 1558746595, 1558746596466
199, 1558746595, 1558746596561
199, 1558746595, 1558746596656
199, 1558746595, 1558746596752
199, 1558746595, 1558746596849
199, 1558746595, 1558746596947
198, 1558746596, 1558746597049
198, 1558746596, 1558746597147
198, 1558746596, 1558746597247
198, 1558746596, 1558746597347
198, 1558746596, 1558746597447
198, 1558746596, 1558746597549
198, 1558746596, 1558746597644
198, 1558746596, 1558746597737
198, 1558746596, 1558746597835
198, 1558746596, 1558746597933
198, 1558746597, 1558746598034
198, 1558746597, 1558746598130
198, 1558746597, 1558746598227
198, 1558746597, 1558746598324
198, 1558746597, 1558746598420
198, 1558746597, 1558746598517
198, 1558746597, 1558746598613
198, 1558746597, 1558746598710
198, 1558746597, 1558746598803
198, 1558746597, 1558746598896
199, 1558746597, 1558746598992
199, 1558746598, 1558746599086
199, 1558746598, 1558746599182
199, 1558746598, 1558746599279
199, 1558746598, 1558746599372
199, 1558746598, 1558746599468
199, 1558746598, 1558746599562
199, 1558746598, 1558746599660
199, 1558746598, 1558746599756
199, 1558746598, 1558746599855
199, 1558746598, 1558746599951
199, 1558746599, 1558746600130
199, 1558746599, 1558746600270
199, 1558746599, 1558746600388
199, 1558746599, 1558746600497
199, 1558746599, 1558746600609
199, 1558746599, 1558746600722
199, 1558746599, 1558746600832
199, 1558746599, 1558746600943
205, 1558746599, 1558746601048
205, 1558746601, 1558746601154
205, 1558746601, 1558746601262
205, 1558746601, 1558746601368
205, 1558746601, 1558746601474
205, 1558746601, 1558746601580
205, 1558746601, 1558746601684
205, 1558746601, 1558746601791
205, 1558746601, 1558746601895
201, 1558746601, 1558746602004
201, 1558746601, 1558746602105
201, 1558746601, 1558746602204
201, 1558746601, 1558746602302
201, 1558746601, 1558746602401
201, 1558746601, 1558746602495
201, 1558746601, 1558746602589
201, 1558746601, 1558746602684
201, 1558746601, 1558746602780
201, 1558746601, 1558746602876
201, 1558746601, 1558746602971
201, 1558746603, 1558746603074
201, 1558746603, 1558746603169
201, 1558746603, 1558746603266
201, 1558746603, 1558746603361
201, 1558746603, 1558746603456
201, 1558746603, 1558746603551
201, 1558746603, 1558746603645
201, 1558746603, 1558746603742
201, 1558746603, 1558746603839
201, 1558746603, 1558746603937
201, 1558746603, 1558746604032
201, 1558746604, 1558746604140
201, 1558746604, 1558746604236
201, 1558746604, 1558746604332
201, 1558746604, 1558746604426
201, 1558746604, 1558746604523
201, 1558746604, 1558746604618
201, 1558746604, 1558746604712
201, 1558746604, 1558746604809
201, 1558746604, 1558746604906
201, 1558746604, 1558746605004
201, 1558746604, 1558746605102
201, 1558746604, 1558746605200
201, 1558746604, 1558746605297
201, 1558746604, 1558746605394
201, 1558746604, 1558746605490
200, 1558746604, 1558746605586
200, 1558746605, 1558746605689
200, 1558746605, 1558746605790
200, 1558746605, 1558746605891
200, 1558746605, 1558746605994
199, 1558746605, 1558746606096
199, 1558746606, 1558746606202
199, 1558746606, 1558746606309
199, 1558746606, 1558746606416
199, 1558746606, 1558746606523
199, 1558746606, 1558746606625
199, 1558746606, 1558746606730
199, 1558746606, 1558746606834
199, 1558746606, 1558746606940
199, 1558746606, 1558746607044
199, 1558746607, 1558746607151
199, 1558746607, 1558746607261
199, 1558746607, 1558746607369
199, 1558746607, 1558746607477
199, 1558746607, 1558746607589
199, 1558746607, 1558746607699
199, 1558746607, 1558746607809
199, 1558746607, 1558746607921
199, 1558746607, 1558746608034
199, 1558746607, 1558746608139
199, 1558746607, 1558746608245
199, 1558746607, 1558746608351
199, 1558746607, 1558746608454
199, 1558746607, 1558746608560
199, 1558746607, 1558746608665
199, 1558746607, 1558746608770
199, 1558746607, 1558746608877
198, 1558746607, 1558746608987
198, 1558746608, 1558746609099
198, 1558746608, 1558746609209
198, 1558746608, 1558746609320
198, 1558746608, 1558746609432
198, 1558746608, 1558746609540
198, 1558746608, 1558746609651
198, 1558746608, 1558746609761
198, 1558746608, 1558746609868
198, 1558746608, 1558746609980
198, 1558746608, 1558746610089
198, 1558746608, 1558746610201
199, 1558746608, 1558746610312
199, 1558746610, 1558746610423
199, 1558746610, 1558746610534
199, 1558746610, 1558746610646
199, 1558746610, 1558746610756
199, 1558746610, 1558746610867
199, 1558746610, 1558746610978
199, 1558746610, 1558746611089
199, 1558746611, 1558746611202
199, 1558746611, 1558746611314
199, 1558746611, 1558746611425
199, 1558746611, 1558746611535
199, 1558746611, 1558746611645
199, 1558746611, 1558746611748
199, 1558746611, 1558746611852
199, 1558746611, 1558746611956
198, 1558746611, 1558746612059
198, 1558746612, 1558746612164
198, 1558746612, 1558746612267
198, 1558746612, 1558746612370
198, 1558746612, 1558746612472
198, 1558746612, 1558746612571
198, 1558746612, 1558746612669
198, 1558746612, 1558746612767
198, 1558746612, 1558746612862
198, 1558746612, 1558746612959
199, 1558746612, 1558746613058
199, 1558746612, 1558746613156
199, 1558746612, 1558746613253
199, 1558746612, 1558746613351
199, 1558746612, 1558746613449
199, 1558746612, 1558746613548
199, 1558746612, 1558746613646
199, 1558746612, 1558746613743
199, 1558746612, 1558746613839
199, 1558746612, 1558746613934
199, 1558746612, 1558746614030
199, 1558746614, 1558746614127
199, 1558746614, 1558746614225
199, 1558746614, 1558746614320
199, 1558746614, 1558746614412
199, 1558746614, 1558746614511
199, 1558746614, 1558746614609
199, 1558746614, 1558746614708
199, 1558746614, 1558746614805
199, 1558746614, 1558746614901
199, 1558746614, 1558746614995
199, 1558746614, 1558746615096
199, 1558746614, 1558746615196
199, 1558746614, 1558746615293
199, 1558746614, 1558746615389
199, 1558746614, 1558746615486
199, 1558746614, 1558746615580
199, 1558746614, 1558746615675
199, 1558746614, 1558746615768
199, 1558746614, 1558746615866
199, 1558746614, 1558746615964
199, 1558746614, 1558746616063
199, 1558746616, 1558746616164
199, 1558746616, 1558746616262
199, 1558746616, 1558746616359
199, 1558746616, 1558746616457
199, 1558746616, 1558746616554
199, 1558746616, 1558746616653
199, 1558746616, 1558746616748
199, 1558746616, 1558746616847
199, 1558746616, 1558746616945
199, 1558746616, 1558746617041
199, 1558746616, 1558746617137
199, 1558746616, 1558746617232
200, 1558746616, 1558746617330
200, 1558746617, 1558746617432
200, 1558746617, 1558746617533
200, 1558746617, 1558746617637
200, 1558746617, 1558746617740
200, 1558746617, 1558746617844
200, 1558746617, 1558746617949
199, 1558746617, 1558746618055
199, 1558746617, 1558746618160
199, 1558746617, 1558746618266
199, 1558746617, 1558746618370
199, 1558746617, 1558746618475
199, 1558746617, 1558746618583
199, 1558746617, 1558746618689
199, 1558746617, 1558746618792
199, 1558746617, 1558746618897
199, 1558746617, 1558746619005
199, 1558746618, 1558746619114
199, 1558746618, 1558746619221
199, 1558746618, 1558746619329
199, 1558746618, 1558746619434
199, 1558746618, 1558746619548
199, 1558746618, 1558746619662
199, 1558746618, 1558746619776
199, 1558746618, 1558746619893
199, 1558746618, 1558746620009
199, 1558746619, 1558746620128
199, 1558746619, 1558746620248
199, 1558746619, 1558746620368
199, 1558746619, 1558746620488
199, 1558746619, 1558746620603
199, 1558746619, 1558746620719
199, 1558746619, 1558746620837
199, 1558746619, 1558746620956
199, 1558746619, 1558746621076
199, 1558746619, 1558746621194
199, 1558746621, 1558746621311
199, 1558746621, 1558746621427
199, 1558746621, 1558746621544
199, 1558746621, 1558746621660
199, 1558746621, 1558746621777
199, 1558746621, 1558746621892
199, 1558746621, 1558746622007
199, 1558746621, 1558746622122
199, 1558746621, 1558746622236
199, 1558746621, 1558746622349
199, 1558746621, 1558746622462
199, 1558746621, 1558746622576
199, 1558746621, 1558746622688
199, 1558746621, 1558746622801
199, 1558746621, 1558746622915
199, 1558746621, 1558746623029
199, 1558746622, 1558746623144
199, 1558746622, 1558746623260
199, 1558746622, 1558746623374
199, 1558746622, 1558746623489
199, 1558746622, 1558746623609
199, 1558746622, 1558746623728
199, 1558746622, 1558746623847
199, 1558746622, 1558746623965
199, 1558746622, 1558746624084
199, 1558746624, 1558746624204
199, 1558746624, 1558746624321
199, 1558746624, 1558746624439
199, 1558746624, 1558746624557
199, 1558746624, 1558746624673
199, 1558746624, 1558746624788
199, 1558746624, 1558746624900
199, 1558746624, 1558746625015
199, 1558746624, 1558746625131
199, 1558746624, 1558746625248
199, 1558746624, 1558746625365
199, 1558746624, 1558746625482
199, 1558746624, 1558746625599
199, 1558746624, 1558746625715
199, 1558746624, 1558746625833
199, 1558746624, 1558746625951
199, 1558746626, 1558746626072
199, 1558746626, 1558746626191
199, 1558746626, 1558746626309
199, 1558746626, 1558746626430
199, 1558746626, 1558746626549
199, 1558746626, 1558746626670
199, 1558746626, 1558746626790
199, 1558746626, 1558746626909
199, 1558746626, 1558746627025
199, 1558746627, 1558746627144
199, 1558746627, 1558746627259
199, 1558746627, 1558746627375
199, 1558746627, 1558746627490
199, 1558746627, 1558746627605
199, 1558746627, 1558746627720
199, 1558746627, 1558746627837
199, 1558746627, 1558746627957
199, 1558746627, 1558746628077
199, 1558746627, 1558746628197
198, 1558746627, 1558746628316
198, 1558746628, 1558746628435
198, 1558746628, 1558746628552
198, 1558746628, 1558746628667
198, 1558746628, 1558746628781
198, 1558746628, 1558746628899
198, 1558746628, 1558746629016
198, 1558746629, 1558746629133
198, 1558746629, 1558746629251
198, 1558746629, 1558746629367
198, 1558746629, 1558746629482
198, 1558746629, 1558746629596
198, 1558746629, 1558746629710
198, 1558746629, 1558746629821
198, 1558746629, 1558746629931
198, 1558746629, 1558746630042
198, 1558746630, 1558746630156
198, 1558746630, 1558746630268
198, 1558746630, 1558746630380
198, 1558746630, 1558746630494
198, 1558746630, 1558746630610
198, 1558746630, 1558746630722
198, 1558746630, 1558746630837
198, 1558746630, 1558746630950
199, 1558746631, 1558746631069
199, 1558746631, 1558746631188
199, 1558746631, 1558746631309
199, 1558746631, 1558746631430
199, 1558746631, 1558746631552
199, 1558746631, 1558746631674
199, 1558746631, 1558746631793
199, 1558746631, 1558746631912
199, 1558746631, 1558746632034
199, 1558746631, 1558746632155
199, 1558746631, 1558746632276
199, 1558746631, 1558746632396
199, 1558746631, 1558746632517
199, 1558746631, 1558746632637
199, 1558746631, 1558746632758
199, 1558746631, 1558746632879
199, 1558746631, 1558746632998
199, 1558746631, 1558746633119
199, 1558746633, 1558746633240
199, 1558746633, 1558746633358
199, 1558746633, 1558746633475
199, 1558746633, 1558746633595
199, 1558746633, 1558746633716
199, 1558746633, 1558746633836
199, 1558746633, 1558746633953
199, 1558746633, 1558746634071
199, 1558746634, 1558746634192
199, 1558746634, 1558746634310
199, 1558746634, 1558746634424
199, 1558746634, 1558746634544
199, 1558746634, 1558746634661
199, 1558746634, 1558746634779
199, 1558746634, 1558746634898
199, 1558746634, 1558746635017
199, 1558746634, 1558746635136
199, 1558746635, 1558746635256
199, 1558746635, 1558746635375
199, 1558746635, 1558746635492
199, 1558746635, 1558746635609
199, 1558746635, 1558746635728
199, 1558746635, 1558746635848
199, 1558746635, 1558746635969
199, 1558746635, 1558746636089
199, 1558746636, 1558746636208
199, 1558746636, 1558746636327
199, 1558746636, 1558746636442
199, 1558746636, 1558746636556
199, 1558746636, 1558746636672
199, 1558746636, 1558746636786
199, 1558746636, 1558746636898
199, 1558746636, 1558746637014
200, 1558746636, 1558746637130
200, 1558746637, 1558746637245
200, 1558746637, 1558746637357
200, 1558746637, 1558746637472
200, 1558746637, 1558746637588
200, 1558746637, 1558746637705
200, 1558746637, 1558746637822
200, 1558746637, 1558746637939
200, 1558746637, 1558746638055
200, 1558746637, 1558746638171
200, 1558746637, 1558746638283
200, 1558746637, 1558746638397
199, 1558746638, 1558746638509
199, 1558746638, 1558746638619
199, 1558746638, 1558746638729
199, 1558746638, 1558746638837
199, 1558746638, 1558746638947
199, 1558746638, 1558746639059
199, 1558746639, 1558746639174
199, 1558746639, 1558746639289
199, 1558746639, 1558746639403
199, 1558746639, 1558746639519
199, 1558746639, 1558746639634
199, 1558746639, 1558746639750
199, 1558746639, 1558746639864
199, 1558746639, 1558746639979
199, 1558746639, 1558746640091
199, 1558746639, 1558746640208
199, 1558746639, 1558746640325
199, 1558746639, 1558746640444
199, 1558746639, 1558746640559
199, 1558746639, 1558746640670
199, 1558746639, 1558746640782
199, 1558746639, 1558746640891
200, 1558746640, 1558746641003
200, 1558746640, 1558746641122
200, 1558746640, 1558746641238
200, 1558746640, 1558746641353
200, 1558746640, 1558746641469
200, 1558746640, 1558746641583
200, 1558746640, 1558746641695
200, 1558746640, 1558746641808
200, 1558746640, 1558746641923
200, 1558746640, 1558746642038
199, 1558746640, 1558746642152
199, 1558746642, 1558746642269
199, 1558746642, 1558746642383
199, 1558746642, 1558746642499
199, 1558746642, 1558746642616
199, 1558746642, 1558746642730
199, 1558746642, 1558746642842
199, 1558746642, 1558746642957
199, 1558746642, 1558746643073
199, 1558746643, 1558746643189
199, 1558746643, 1558746643305
199, 1558746643, 1558746643420
199, 1558746643, 1558746643534
199, 1558746643, 1558746643645
199, 1558746643, 1558746643759
199, 1558746643, 1558746643872
199, 1558746643, 1558746643986
199, 1558746644, 1558746644101
199, 1558746644, 1558746644212
199, 1558746644, 1558746644323
199, 1558746644, 1558746644434
199, 1558746644, 1558746644539
199, 1558746644, 1558746644649
199, 1558746644, 1558746644762
199, 1558746644, 1558746644870
199, 1558746644, 1558746644984
199, 1558746644, 1558746645100
199, 1558746645, 1558746645220
199, 1558746645, 1558746645336
199, 1558746645, 1558746645451
199, 1558746645, 1558746645567
199, 1558746645, 1558746645682
199, 1558746645, 1558746645798
199, 1558746645, 1558746645912
199, 1558746645, 1558746646025
199, 1558746645, 1558746646140
199, 1558746645, 1558746646252
199, 1558746645, 1558746646362
199, 1558746646, 1558746646476
199, 1558746646, 1558746646588
199, 1558746646, 1558746646699
199, 1558746646, 1558746646808
199, 1558746646, 1558746646921
199, 1558746646, 1558746647033
199, 1558746646, 1558746647148
199, 1558746647, 1558746647255
199, 1558746647, 1558746647362
199, 1558746647, 1558746647469
199, 1558746647, 1558746647579
199, 1558746647, 1558746647687
199, 1558746647, 1558746647796
199, 1558746647, 1558746647903
199, 1558746647, 1558746648006
200, 1558746647, 1558746648113
200, 1558746648, 1558746648214
200, 1558746648, 1558746648315
200, 1558746648, 1558746648417
200, 1558746648, 1558746648519
200, 1558746648, 1558746648622
200, 1558746648, 1558746648724
200, 1558746648, 1558746648826
200, 1558746648, 1558746648927
200, 1558746648, 1558746649024
199, 1558746649, 1558746649129
199, 1558746649, 1558746649226
199, 1558746649, 1558746649322
199, 1558746649, 1558746649419
199, 1558746649, 1558746649512
199, 1558746649, 1558746649609
199, 1558746649, 1558746649706
199, 1558746649, 1558746649801
199, 1558746649, 1558746649895
199, 1558746649, 1558746649989
199, 1558746649, 1558746650081
199, 1558746649, 1558746650174
199, 1558746650, 1558746650275
199, 1558746650, 1558746650371
199, 1558746650, 1558746650466
199, 1558746650, 1558746650562
199, 1558746650, 1558746650656
199, 1558746650, 1558746650751
199, 1558746650, 1558746650847
199, 1558746650, 1558746650942
199, 1558746650, 1558746651038
199, 1558746650, 1558746651132
199, 1558746651, 1558746651231
199, 1558746651, 1558746651325
199, 1558746651, 1558746651420
199, 1558746651, 1558746651514
199, 1558746651, 1558746651608
199, 1558746651, 1558746651705
199, 1558746651, 1558746651803
199, 1558746651, 1558746651905
199, 1558746651, 1558746652000
199, 1558746651, 1558746652096
199, 1558746652, 1558746652208
199, 1558746652, 1558746652307
199, 1558746652, 1558746652404
199, 1558746652, 1558746652497
199, 1558746652, 1558746652592
199, 1558746652, 1558746652690
199, 1558746652, 1558746652787
199, 1558746652, 1558746652883
199, 1558746652, 1558746652977
199, 1558746652, 1558746653072
199, 1558746653, 1558746653173
199, 1558746653, 1558746653266
199, 1558746653, 1558746653361
199, 1558746653, 1558746653455
199, 1558746653, 1558746653551
199, 1558746653, 1558746653646
199, 1558746653, 1558746653739
199, 1558746653, 1558746653835
199, 1558746653, 1558746653933
199, 1558746653, 1558746654029
199, 1558746653, 1558746654124
198, 1558746654, 1558746654222
198, 1558746654, 1558746654316
198, 1558746654, 1558746654412
198, 1558746654, 1558746654506
198, 1558746654, 1558746654603
198, 1558746654, 1558746654697
198, 1558746654, 1558746654792
198, 1558746654, 1558746654887
198, 1558746654, 1558746654981
198, 1558746654, 1558746655075
199, 1558746654, 1558746655171
199, 1558746655, 1558746655268
199, 1558746655, 1558746655363
199, 1558746655, 1558746655457
199, 1558746655, 1558746655551
199, 1558746655, 1558746655646
199, 1558746655, 1558746655742
199, 1558746655, 1558746655839
199, 1558746655, 1558746655933
199, 1558746655, 1558746656029
199, 1558746655, 1558746656123
199, 1558746655, 1558746656218
199, 1558746655, 1558746656312
199, 1558746655, 1558746656404
199, 1558746656, 1558746656503
199, 1558746656, 1558746656597
199, 1558746656, 1558746656692
199, 1558746656, 1558746656786
199, 1558746656, 1558746656880
199, 1558746656, 1558746656974
199, 1558746656, 1558746657069
199, 1558746656, 1558746657170
199, 1558746657, 1558746657265
199, 1558746657, 1558746657358
199, 1558746657, 1558746657454
199, 1558746657, 1558746657548
199, 1558746657, 1558746657644
199, 1558746657, 1558746657738
199, 1558746657, 1558746657834
199, 1558746657, 1558746657934
199, 1558746657, 1558746658030
199, 1558746657, 1558746658124
199, 1558746658, 1558746658228
199, 1558746658, 1558746658323
199, 1558746658, 1558746658418
199, 1558746658, 1558746658513
199, 1558746658, 1558746658606
199, 1558746658, 1558746658701
199, 1558746658, 1558746658796
199, 1558746658, 1558746658891
199, 1558746658, 1558746658986
199, 1558746658, 1558746659081
198, 1558746659, 1558746659184
198, 1558746659, 1558746659278
198, 1558746659, 1558746659374
198, 1558746659, 1558746659467
198, 1558746659, 1558746659563
198, 1558746659, 1558746659657
198, 1558746659, 1558746659751
198, 1558746659, 1558746659846
198, 1558746659, 1558746659941
198, 1558746659, 1558746660036
198, 1558746659, 1558746660131
199, 1558746660, 1558746660232
199, 1558746660, 1558746660328
199, 1558746660, 1558746660421
199, 1558746660, 1558746660515
199, 1558746660, 1558746660609
199, 1558746660, 1558746660705
199, 1558746660, 1558746660798
199, 1558746660, 1558746660892
199, 1558746660, 1558746660988
199, 1558746660, 1558746661084
199, 1558746660, 1558746661178
200, 1558746661, 1558746661279
200, 1558746661, 1558746661377
200, 1558746661, 1558746661471
200, 1558746661, 1558746661567
200, 1558746661, 1558746661663
200, 1558746661, 1558746661758
200, 1558746661, 1558746661853
200, 1558746661, 1558746661948
200, 1558746661, 1558746662046
199, 1558746661, 1558746662141
199, 1558746662, 1558746662242
199, 1558746662, 1558746662340
199, 1558746662, 1558746662438
199, 1558746662, 1558746662536
199, 1558746662, 1558746662636
199, 1558746662, 1558746662737
199, 1558746662, 1558746662837
199, 1558746662, 1558746662935
199, 1558746662, 1558746663034
199, 1558746662, 1558746663130
199, 1558746662, 1558746663224
199, 1558746662, 1558746663323
198, 1558746662, 1558746663419
198, 1558746663, 1558746663517
198, 1558746663, 1558746663611
198, 1558746663, 1558746663708
198, 1558746663, 1558746663803
198, 1558746663, 1558746663901
198, 1558746663, 1558746663998
198, 1558746663, 1558746664092
199, 1558746663, 1558746664187
199, 1558746664, 1558746664285
199, 1558746664, 1558746664378
199, 1558746664, 1558746664475
199, 1558746664, 1558746664570
199, 1558746664, 1558746664666
199, 1558746664, 1558746664763
199, 1558746664, 1558746664855
199, 1558746664, 1558746664950
199, 1558746664, 1558746665047
199, 1558746664, 1558746665143
198, 1558746665, 1558746665252
198, 1558746665, 1558746665349
198, 1558746665, 1558746665444
198, 1558746665, 1558746665543
198, 1558746665, 1558746665637
198, 1558746665, 1558746665729
198, 1558746665, 1558746665826
198, 1558746665, 1558746665919
198, 1558746665, 1558746666015
198, 1558746665, 1558746666107
198, 1558746665, 1558746666201
199, 1558746666, 1558746666305
199, 1558746666, 1558746666400
199, 1558746666, 1558746666498
199, 1558746666, 1558746666591
199, 1558746666, 1558746666685
199, 1558746666, 1558746666777
199, 1558746666, 1558746666870
199, 1558746666, 1558746666965
199, 1558746666, 1558746667063
199, 1558746667, 1558746667159
199, 1558746667, 1558746667256
199, 1558746667, 1558746667351
199, 1558746667, 1558746667444
199, 1558746667, 1558746667543
199, 1558746667, 1558746667636
199, 1558746667, 1558746667732
199, 1558746667, 1558746667828
199, 1558746667, 1558746667921
199, 1558746667, 1558746668017
199, 1558746667, 1558746668112
199, 1558746668, 1558746668209
199, 1558746668, 1558746668302
199, 1558746668, 1558746668396
199, 1558746668, 1558746668493
199, 1558746668, 1558746668589
199, 1558746668, 1558746668682
199, 1558746668, 1558746668778
199, 1558746668, 1558746668876
199, 1558746668, 1558746668970
199, 1558746668, 1558746669067
198, 1558746668, 1558746669165
198, 1558746669, 1558746669263
198, 1558746669, 1558746669358
198, 1558746669, 1558746669453
198, 1558746669, 1558746669544
198, 1558746669, 1558746669637
198, 1558746669, 1558746669732
198, 1558746669, 1558746669826
198, 1558746669, 1558746669922
198, 1558746669, 1558746670017
198, 1558746669, 1558746670113
198, 1558746669, 1558746670205
198, 1558746670, 1558746670301
198, 1558746670, 1558746670396
198, 1558746670, 1558746670489
198, 1558746670, 1558746670583
198, 1558746670, 1558746670679
198, 1558746670, 1558746670773
198, 1558746670, 1558746670866
198, 1558746670, 1558746670962
198, 1558746670, 1558746671058
198, 1558746670, 1558746671154
199, 1558746671, 1558746671252
199, 1558746671, 1558746671348
199, 1558746671, 1558746671445
199, 1558746671, 1558746671540
199, 1558746671, 1558746671636
199, 1558746671, 1558746671731
199, 1558746671, 1558746671825
199, 1558746671, 1558746671923
199, 1558746671, 1558746672018
199, 1558746671, 1558746672113
199, 1558746671, 1558746672207
199, 1558746672, 1558746672309
199, 1558746672, 1558746672403
199, 1558746672, 1558746672498
199, 1558746672, 1558746672596
199, 1558746672, 1558746672693
199, 1558746672, 1558746672790
199, 1558746672, 1558746672886
199, 1558746672, 1558746672983
199, 1558746672, 1558746673081
199, 1558746672, 1558746673176
199, 1558746673, 1558746673292
199, 1558746673, 1558746673397
199, 1558746673, 1558746673501
199, 1558746673, 1558746673606
199, 1558746673, 1558746673714
199, 1558746673, 1558746673821
199, 1558746673, 1558746673929
199, 1558746673, 1558746674036
199, 1558746673, 1558746674139
199, 1558746674, 1558746674248
199, 1558746674, 1558746674354
199, 1558746674, 1558746674464
199, 1558746674, 1558746674573
199, 1558746674, 1558746674685
199, 1558746674, 1558746674796
199, 1558746674, 1558746674906
199, 1558746674, 1558746675015
199, 1558746674, 1558746675123
199, 1558746675, 1558746675238
199, 1558746675, 1558746675348
199, 1558746675, 1558746675457
199, 1558746675, 1558746675569
199, 1558746675, 1558746675680
199, 1558746675, 1558746675788
199, 1558746675, 1558746675894
199, 1558746675, 1558746675997
199, 1558746675, 1558746676102
199, 1558746675, 1558746676203
199, 1558746676, 1558746676312
199, 1558746676, 1558746676419
199, 1558746676, 1558746676527
199, 1558746676, 1558746676638
199, 1558746676, 1558746676749
199, 1558746676, 1558746676859
199, 1558746676, 1558746676968
199, 1558746676, 1558746677078
199, 1558746676, 1558746677191
199, 1558746677, 1558746677307
199, 1558746677, 1558746677422
199, 1558746677, 1558746677536
199, 1558746677, 1558746677652
199, 1558746677, 1558746677769
199, 1558746677, 1558746677885
199, 1558746677, 1558746678005
199, 1558746677, 1558746678123
199, 1558746677, 1558746678239
199, 1558746678, 1558746678354
199, 1558746678, 1558746678470
199, 1558746678, 1558746678582
199, 1558746678, 1558746678695
199, 1558746678, 1558746678810
199, 1558746678, 1558746678925
199, 1558746678, 1558746679041
199, 1558746678, 1558746679155
199, 1558746679, 1558746679273
199, 1558746679, 1558746679390
199, 1558746679, 1558746679508
199, 1558746679, 1558746679627
199, 1558746679, 1558746679742
199, 1558746679, 1558746679860
199, 1558746679, 1558746679975
199, 1558746679, 1558746680092
200, 1558746679, 1558746680206
200, 1558746680, 1558746680324
200, 1558746680, 1558746680440
200, 1558746680, 1558746680554
200, 1558746680, 1558746680669
200, 1558746680, 1558746680784
200, 1558746680, 1558746680900
200, 1558746680, 1558746681016
199, 1558746680, 1558746681133
199, 1558746681, 1558746681251
199, 1558746681, 1558746681368
199, 1558746681, 1558746681482
199, 1558746681, 1558746681598
199, 1558746681, 1558746681712
199, 1558746681, 1558746681828
199, 1558746681, 1558746681941
199, 1558746681, 1558746682057
199, 1558746681, 1558746682174
199, 1558746682, 1558746682291
199, 1558746682, 1558746682404
199, 1558746682, 1558746682520
199, 1558746682, 1558746682634
199, 1558746682, 1558746682750
199, 1558746682, 1558746682866
199, 1558746682, 1558746682981
199, 1558746682, 1558746683098
199, 1558746682, 1558746683209
199, 1558746683, 1558746683324
199, 1558746683, 1558746683437
199, 1558746683, 1558746683549
199, 1558746683, 1558746683659
199, 1558746683, 1558746683772
199, 1558746683, 1558746683885
199, 1558746683, 1558746683999
199, 1558746683, 1558746684112
199, 1558746683, 1558746684226
199, 1558746684, 1558746684337
199, 1558746684, 1558746684447
199, 1558746684, 1558746684551
199, 1558746684, 1558746684663
199, 1558746684, 1558746684773
199, 1558746684, 1558746684879
199, 1558746684, 1558746684985
199, 1558746684, 1558746685092
199, 1558746684, 1558746685198
199, 1558746685, 1558746685307
199, 1558746685, 1558746685412
199, 1558746685, 1558746685518
199, 1558746685, 1558746685626
199, 1558746685, 1558746685734
199, 1558746685, 1558746685843
199, 1558746685, 1558746685948
199, 1558746685, 1558746686055
199, 1558746685, 1558746686164
199, 1558746686, 1558746686273
199, 1558746686, 1558746686378
199, 1558746686, 1558746686484
199, 1558746686, 1558746686589
199, 1558746686, 1558746686692
199, 1558746686, 1558746686796
199, 1558746686, 1558746686900
199, 1558746686, 1558746687004
199, 1558746686, 1558746687110
199, 1558746686, 1558746687213
199, 1558746687, 1558746687319
199, 1558746687, 1558746687424
199, 1558746687, 1558746687529
199, 1558746687, 1558746687634
199, 1558746687, 1558746687738
199, 1558746687, 1558746687842
199, 1558746687, 1558746687944
199, 1558746687, 1558746688045
199, 1558746687, 1558746688148
199, 1558746688, 1558746688250
199, 1558746688, 1558746688349
199, 1558746688, 1558746688450
199, 1558746688, 1558746688550
199, 1558746688, 1558746688649
199, 1558746688, 1558746688749
199, 1558746688, 1558746688849
199, 1558746688, 1558746688948
199, 1558746688, 1558746689049
199, 1558746688, 1558746689148
198, 1558746689, 1558746689250
198, 1558746689, 1558746689351
198, 1558746689, 1558746689449
198, 1558746689, 1558746689547
198, 1558746689, 1558746689645
198, 1558746689, 1558746689741
198, 1558746689, 1558746689836
198, 1558746689, 1558746689933
198, 1558746689, 1558746690028
198, 1558746689, 1558746690122
198, 1558746689, 1558746690217
199, 1558746690, 1558746690313
199, 1558746690, 1558746690408
199, 1558746690, 1558746690501
199, 1558746690, 1558746690595
199, 1558746690, 1558746690689
199, 1558746690, 1558746690783
199, 1558746690, 1558746690878
199, 1558746690, 1558746690972
199, 1558746690, 1558746691064
199, 1558746690, 1558746691157
199, 1558746690, 1558746691253
199, 1558746691, 1558746691351
199, 1558746691, 1558746691445
199, 1558746691, 1558746691536
199, 1558746691, 1558746691632
199, 1558746691, 1558746691727
199, 1558746691, 1558746691823
199, 1558746691, 1558746691921
199, 1558746691, 1558746692014
199, 1558746691, 1558746692109
199, 1558746691, 1558746692204
198, 1558746692, 1558746692304
198, 1558746692, 1558746692400
198, 1558746692, 1558746692496
198, 1558746692, 1558746692590
198, 1558746692, 1558746692683
198, 1558746692, 1558746692779
198, 1558746692, 1558746692874
198, 1558746692, 1558746692971
198, 1558746692, 1558746693066
198, 1558746692, 1558746693161
198, 1558746693, 1558746693257
198, 1558746693, 1558746693350
198, 1558746693, 1558746693443
198, 1558746693, 1558746693538
198, 1558746693, 1558746693632
198, 1558746693, 1558746693726
198, 1558746693, 1558746693819
198, 1558746693, 1558746693914
198, 1558746693, 1558746694006
198, 1558746693, 1558746694100
199, 1558746693, 1558746694198
199, 1558746694, 1558746694293
199, 1558746694, 1558746694389
199, 1558746694, 1558746694484
199, 1558746694, 1558746694576
199, 1558746694, 1558746694669
199, 1558746694, 1558746694765
199, 1558746694, 1558746694857
199, 1558746694, 1558746694952
199, 1558746694, 1558746695046
199, 1558746694, 1558746695140
199, 1558746694, 1558746695235
199, 1558746694, 1558746695333
199, 1558746694, 1558746695428
199, 1558746694, 1558746695524
199, 1558746695, 1558746695621
199, 1558746695, 1558746695720
199, 1558746695, 1558746695821
199, 1558746695, 1558746695921
199, 1558746695, 1558746696019
199, 1558746695, 1558746696119
199, 1558746695, 1558746696220
199, 1558746695, 1558746696321
199, 1558746695, 1558746696420
198, 1558746696, 1558746696524
198, 1558746696, 1558746696621
198, 1558746696, 1558746696716
198, 1558746696, 1558746696812
198, 1558746696, 1558746696908
198, 1558746696, 1558746697003
198, 1558746696, 1558746697098
198, 1558746696, 1558746697194
199, 1558746697, 1558746697293
199, 1558746697, 1558746697388
199, 1558746697, 1558746697484
199, 1558746697, 1558746697580
199, 1558746697, 1558746697675
199, 1558746697, 1558746697772
199, 1558746697, 1558746697868
199, 1558746697, 1558746697963
199, 1558746697, 1558746698057
199, 1558746697, 1558746698151
199, 1558746698, 1558746698252
199, 1558746698, 1558746698346
199, 1558746698, 1558746698440
199, 1558746698, 1558746698536
199, 1558746698, 1558746698633
199, 1558746698, 1558746698727
199, 1558746698, 1558746698823
199, 1558746698, 1558746698918
199, 1558746698, 1558746699013
199, 1558746698, 1558746699113
199, 1558746698, 1558746699207
199, 1558746699, 1558746699303
199, 1558746699, 1558746699398
199, 1558746699, 1558746699493
199, 1558746699, 1558746699590
199, 1558746699, 1558746699688
199, 1558746699, 1558746699783
199, 1558746699, 1558746699877
199, 1558746699, 1558746699975
199, 1558746699, 1558746700071
199, 1558746699, 1558746700170
198, 1558746700, 1558746700269
198, 1558746700, 1558746700363
198, 1558746700, 1558746700458
198, 1558746700, 1558746700553
198, 1558746700, 1558746700649
198, 1558746700, 1558746700743
198, 1558746700, 1558746700835
198, 1558746700, 1558746700929
198, 1558746700, 1558746701022
198, 1558746700, 1558746701115
198, 1558746700, 1558746701219
198, 1558746700, 1558746701313
198, 1558746700, 1558746701410
199, 1558746700, 1558746701505
199, 1558746701, 1558746701600
199, 1558746701, 1558746701694
199, 1558746701, 1558746701787
199, 1558746701, 1558746701881
199, 1558746701, 1558746701977
199, 1558746701, 1558746702070
199, 1558746701, 1558746702165
198, 1558746702, 1558746702263
198, 1558746702, 1558746702360
198, 1558746702, 1558746702455
198, 1558746702, 1558746702550
198, 1558746702, 1558746702646
198, 1558746702, 1558746702744
198, 1558746702, 1558746702843
198, 1558746702, 1558746702940
198, 1558746702, 1558746703037
198, 1558746702, 1558746703136
198, 1558746702, 1558746703232
198, 1558746702, 1558746703326
198, 1558746702, 1558746703423
199, 1558746702, 1558746703519
199, 1558746703, 1558746703613
199, 1558746703, 1558746703707
199, 1558746703, 1558746703803
199, 1558746703, 1558746703897
199, 1558746703, 1558746703991
199, 1558746703, 1558746704089
199, 1558746703, 1558746704187
199, 1558746704, 1558746704288
199, 1558746704, 1558746704384
199, 1558746704, 1558746704479
199, 1558746704, 1558746704574
199, 1558746704, 1558746704672
199, 1558746704, 1558746704765
199, 1558746704, 1558746704862
199, 1558746704, 1558746704960
199, 1558746704, 1558746705055
199, 1558746704, 1558746705152
199, 1558746704, 1558746705248
199, 1558746705, 1558746705346
199, 1558746705, 1558746705440
199, 1558746705, 1558746705534
199, 1558746705, 1558746705628
199, 1558746705, 1558746705720
199, 1558746705, 1558746705815
199, 1558746705, 1558746705913
199, 1558746705, 1558746706009
199, 1558746705, 1558746706108
199, 1558746705, 1558746706207
199, 1558746706, 1558746706310
199, 1558746706, 1558746706410
199, 1558746706, 1558746706508
199, 1558746706, 1558746706604
199, 1558746706, 1558746706701
199, 1558746706, 1558746706795
199, 1558746706, 1558746706892
199, 1558746706, 1558746706989
199, 1558746706, 1558746707082
199, 1558746706, 1558746707177
199, 1558746706, 1558746707274
199, 1558746707, 1558746707373
199, 1558746707, 1558746707471
199, 1558746707, 1558746707565
199, 1558746707, 1558746707663
199, 1558746707, 1558746707762
199, 1558746707, 1558746707861
199, 1558746707, 1558746707956
199, 1558746707, 1558746708052
199, 1558746707, 1558746708151
199, 1558746708, 1558746708253
199, 1558746708, 1558746708347
199, 1558746708, 1558746708442
199, 1558746708, 1558746708536
199, 1558746708, 1558746708631
199, 1558746708, 1558746708726
199, 1558746708, 1558746708822
199, 1558746708, 1558746708919
199, 1558746708, 1558746709016
199, 1558746708, 1558746709110
199, 1558746708, 1558746709206
199, 1558746708, 1558746709300
200, 1558746709, 1558746709399
200, 1558746709, 1558746709496
200, 1558746709, 1558746709593
200, 1558746709, 1558746709685
200, 1558746709, 1558746709782
200, 1558746709, 1558746709876
200, 1558746709, 1558746709972
200, 1558746709, 1558746710066
200, 1558746709, 1558746710162
200, 1558746709, 1558746710257
200, 1558746709, 1558746710352
200, 1558746709, 1558746710447
199, 1558746709, 1558746710543
199, 1558746710, 1558746710638
199, 1558746710, 1558746710732
199, 1558746710, 1558746710828
199, 1558746710, 1558746710922
199, 1558746710, 1558746711015
199, 1558746710, 1558746711114
199, 1558746710, 1558746711212
199, 1558746711, 1558746711312
199, 1558746711, 1558746711405
199, 1558746711, 1558746711501
199, 1558746711, 1558746711596
199, 1558746711, 1558746711691
199, 1558746711, 1558746711784
199, 1558746711, 1558746711880
199, 1558746711, 1558746711976
199, 1558746711, 1558746712070
199, 1558746711, 1558746712165
199, 1558746711, 1558746712264
199, 1558746712, 1558746712363
199, 1558746712, 1558746712458
199, 1558746712, 1558746712553
199, 1558746712, 1558746712645
199, 1558746712, 1558746712738
199, 1558746712, 1558746712835
199, 1558746712, 1558746712933
199, 1558746712, 1558746713025
199, 1558746712, 1558746713122
199, 1558746712, 1558746713215
199, 1558746713, 1558746713315
199, 1558746713, 1558746713411
199, 1558746713, 1558746713506
199, 1558746713, 1558746713603
199, 1558746713, 1558746713696
199, 1558746713, 1558746713792
199, 1558746713, 1558746713885
199, 1558746713, 1558746713980
199, 1558746713, 1558746714074
199, 1558746713, 1558746714171
199, 1558746713, 1558746714266
198, 1558746713, 1558746714364
198, 1558746714, 1558746714458
198, 1558746714, 1558746714552
198, 1558746714, 1558746714647
198, 1558746714, 1558746714745
198, 1558746714, 1558746714841
198, 1558746714, 1558746714937
198, 1558746714, 1558746715032
198, 1558746714, 1558746715127
198, 1558746714, 1558746715222
199, 1558746715, 1558746715326
199, 1558746715, 1558746715422
199, 1558746715, 1558746715518
199, 1558746715, 1558746715616
199, 1558746715, 1558746715711
199, 1558746715, 1558746715807
199, 1558746715, 1558746715904
199, 1558746715, 1558746716002
199, 1558746715, 1558746716103
199, 1558746715, 1558746716200
199, 1558746715, 1558746716298
199, 1558746716, 1558746716396
199, 1558746716, 1558746716493
199, 1558746716, 1558746716589
199, 1558746716, 1558746716684
199, 1558746716, 1558746716777
199, 1558746716, 1558746716875
199, 1558746716, 1558746716969
199, 1558746716, 1558746717064
199, 1558746716, 1558746717159
199, 1558746716, 1558746717254
199, 1558746716, 1558746717354
199, 1558746716, 1558746717450
199, 1558746716, 1558746717545
199, 1558746717, 1558746717639
199, 1558746717, 1558746717733
199, 1558746717, 1558746717829
199, 1558746717, 1558746717926
199, 1558746717, 1558746718019
199, 1558746717, 1558746718112
199, 1558746717, 1558746718206
198, 1558746718, 1558746718307
198, 1558746718, 1558746718402
198, 1558746718, 1558746718496
198, 1558746718, 1558746718589
198, 1558746718, 1558746718683
198, 1558746718, 1558746718779
198, 1558746718, 1558746718873
198, 1558746718, 1558746718967
198, 1558746718, 1558746719059
198, 1558746718, 1558746719155
198, 1558746719, 1558746719256
198, 1558746719, 1558746719354
198, 1558746719, 1558746719449
198, 1558746719, 1558746719545
198, 1558746719, 1558746719639
198, 1558746719, 1558746719733
198, 1558746719, 1558746719827
198, 1558746719, 1558746719921
198, 1558746719, 1558746720026
202, 1558746720, 1558746720276
202, 1558746720, 1558746720373
202, 1558746720, 1558746720473
202, 1558746720, 1558746720575
202, 1558746720, 1558746720681
202, 1558746720, 1558746720792
202, 1558746720, 1558746720903
202, 1558746720, 1558746721017
202, 1558746720, 1558746721130
202, 1558746720, 1558746721243
202, 1558746721, 1558746721361
202, 1558746721, 1558746721476
202, 1558746721, 1558746721592
202, 1558746721, 1558746721708
202, 1558746721, 1558746721822
202, 1558746721, 1558746721938
202, 1558746721, 1558746722053
202, 1558746721, 1558746722170
202, 1558746721, 1558746722285
202, 1558746721, 1558746722399
202, 1558746721, 1558746722511
200, 1558746722, 1558746722631
200, 1558746722, 1558746722746
200, 1558746722, 1558746722861
200, 1558746722, 1558746722976
200, 1558746722, 1558746723091
201, 1558746722, 1558746723209
201, 1558746723, 1558746723328
201, 1558746723, 1558746723443
201, 1558746723, 1558746723561
201, 1558746723, 1558746723678
201, 1558746723, 1558746723795
201, 1558746723, 1558746723910
201, 1558746723, 1558746724022
201, 1558746723, 1558746724133
201, 1558746723, 1558746724245
201, 1558746724, 1558746724359
201, 1558746724, 1558746724473
201, 1558746724, 1558746724587
201, 1558746724, 1558746724699
201, 1558746724, 1558746724808
201, 1558746724, 1558746724917
201, 1558746724, 1558746725028
201, 1558746724, 1558746725138
200, 1558746724, 1558746725248
200, 1558746725, 1558746725362
200, 1558746725, 1558746725475
200, 1558746725, 1558746725584
200, 1558746725, 1558746725697
200, 1558746725, 1558746725808
200, 1558746725, 1558746725919
200, 1558746725, 1558746726030
200, 1558746725, 1558746726139
199, 1558746726, 1558746726253
199, 1558746726, 1558746726362
199, 1558746726, 1558746726470
199, 1558746726, 1558746726574
199, 1558746726, 1558746726680
199, 1558746726, 1558746726783
199, 1558746726, 1558746726889
199, 1558746726, 1558746726995
199, 1558746726, 1558746727100
199, 1558746726, 1558746727205
199, 1558746727, 1558746727315
199, 1558746727, 1558746727417
199, 1558746727, 1558746727522
199, 1558746727, 1558746727622
199, 1558746727, 1558746727722
199, 1558746727, 1558746727822
199, 1558746727, 1558746727925
199, 1558746727, 1558746728028
199, 1558746727, 1558746728128
199, 1558746727, 1558746728231
199, 1558746727, 1558746728341
199, 1558746728, 1558746728454
199, 1558746728, 1558746728569
199, 1558746728, 1558746728683
199, 1558746728, 1558746728797
199, 1558746728, 1558746728908
199, 1558746728, 1558746729019
199, 1558746728, 1558746729129
199, 1558746728, 1558746729242
199, 1558746729, 1558746729361
199, 1558746729, 1558746729477
199, 1558746729, 1558746729596
199, 1558746729, 1558746729715
199, 1558746729, 1558746729832
199, 1558746729, 1558746729947
199, 1558746729, 1558746730063
199, 1558746729, 1558746730181
199, 1558746729, 1558746730303
199, 1558746729, 1558746730421
199, 1558746729, 1558746730543
199, 1558746729, 1558746730665
199, 1558746729, 1558746730788
199, 1558746730, 1558746730909
199, 1558746730, 1558746731028
199, 1558746730, 1558746731147
199, 1558746730, 1558746731266
199, 1558746731, 1558746731384
199, 1558746731, 1558746731502
199, 1558746731, 1558746731621
199, 1558746731, 1558746731741
199, 1558746731, 1558746731859
199, 1558746731, 1558746731978
199, 1558746731, 1558746732092
199, 1558746731, 1558746732207
198, 1558746731, 1558746732324
198, 1558746732, 1558746732443
198, 1558746732, 1558746732559
198, 1558746732, 1558746732676
198, 1558746732, 1558746732793
198, 1558746732, 1558746732909
198, 1558746732, 1558746733023
198, 1558746732, 1558746733136
198, 1558746732, 1558746733249
199, 1558746732, 1558746733362
199, 1558746733, 1558746733475
199, 1558746733, 1558746733585
199, 1558746733, 1558746733690
199, 1558746733, 1558746733794
199, 1558746733, 1558746733899
199, 1558746733, 1558746734003
199, 1558746733, 1558746734106
199, 1558746733, 1558746734211
199, 1558746733, 1558746734316
199, 1558746734, 1558746734424
199, 1558746734, 1558746734531
199, 1558746734, 1558746734635
199, 1558746734, 1558746734740
199, 1558746734, 1558746734845
199, 1558746734, 1558746734949
199, 1558746734, 1558746735054
199, 1558746734, 1558746735159
199, 1558746734, 1558746735264
199, 1558746735, 1558746735376
199, 1558746735, 1558746735482
199, 1558746735, 1558746735590
199, 1558746735, 1558746735698
199, 1558746735, 1558746735807
199, 1558746735, 1558746735916
199, 1558746735, 1558746736022
199, 1558746735, 1558746736129
199, 1558746735, 1558746736239
199, 1558746735, 1558746736345
199, 1558746736, 1558746736455
199, 1558746736, 1558746736562
199, 1558746736, 1558746736669
199, 1558746736, 1558746736777
199, 1558746736, 1558746736883
199, 1558746736, 1558746736990
199, 1558746736, 1558746737097
199, 1558746736, 1558746737204
199, 1558746737, 1558746737314
199, 1558746737, 1558746737420
199, 1558746737, 1558746737526
199, 1558746737, 1558746737629
199, 1558746737, 1558746737732
199, 1558746737, 1558746737832
199, 1558746737, 1558746737932
199, 1558746737, 1558746738032
199, 1558746737, 1558746738133
199, 1558746737, 1558746738233
200, 1558746737, 1558746738330
200, 1558746738, 1558746738432
200, 1558746738, 1558746738530
200, 1558746738, 1558746738629
200, 1558746738, 1558746738726
200, 1558746738, 1558746738825
200, 1558746738, 1558746738921
200, 1558746738, 1558746739019
200, 1558746738, 1558746739115
200, 1558746738, 1558746739213
200, 1558746738, 1558746739308
199, 1558746738, 1558746739403
199, 1558746739, 1558746739500
199, 1558746739, 1558746739597
199, 1558746739, 1558746739692
199, 1558746739, 1558746739789
199, 1558746739, 1558746739884
199, 1558746739, 1558746739982
199, 1558746739, 1558746740077
199, 1558746739, 1558746740171
199, 1558746739, 1558746740267
199, 1558746740, 1558746740367
199, 1558746740, 1558746740463
199, 1558746740, 1558746740558
199, 1558746740, 1558746740653
199, 1558746740, 1558746740750
199, 1558746740, 1558746740845
199, 1558746740, 1558746740940
199, 1558746740, 1558746741034
199, 1558746740, 1558746741128
199, 1558746740, 1558746741227
199, 1558746740, 1558746741321
199, 1558746741, 1558746741418
199, 1558746741, 1558746741512
199, 1558746741, 1558746741607
199, 1558746741, 1558746741703
199, 1558746741, 1558746741796
199, 1558746741, 1558746741894
199, 1558746741, 1558746741989
199, 1558746741, 1558746742084
199, 1558746741, 1558746742181
199, 1558746741, 1558746742276
199, 1558746742, 1558746742380
199, 1558746742, 1558746742476
199, 1558746742, 1558746742572
199, 1558746742, 1558746742665
199, 1558746742, 1558746742759
199, 1558746742, 1558746742856
199, 1558746742, 1558746742952
199, 1558746742, 1558746743046
199, 1558746742, 1558746743139
199, 1558746742, 1558746743234
198, 1558746742, 1558746743334
198, 1558746743, 1558746743429
198, 1558746743, 1558746743523
198, 1558746743, 1558746743616
198, 1558746743, 1558746743709
198, 1558746743, 1558746743804
198, 1558746743, 1558746743904
198, 1558746743, 1558746744000
198, 1558746743, 1558746744094
198, 1558746743, 1558746744190
198, 1558746743, 1558746744285
198, 1558746743, 1558746744380
198, 1558746743, 1558746744477
198, 1558746743, 1558746744573
199, 1558746744, 1558746744671
199, 1558746744, 1558746744765
199, 1558746744, 1558746744861
199, 1558746744, 1558746744957
199, 1558746744, 1558746745052
199, 1558746744, 1558746745147
199, 1558746744, 1558746745243
199, 1558746744, 1558746745338
199, 1558746745, 1558746745435
199, 1558746745, 1558746745528
199, 1558746745, 1558746745622
199, 1558746745, 1558746745717
199, 1558746745, 1558746745812
199, 1558746745, 1558746745903
199, 1558746745, 1558746745998
199, 1558746745, 1558746746094
199, 1558746745, 1558746746191
199, 1558746745, 1558746746286
198, 1558746745, 1558746746381
198, 1558746746, 1558746746480
198, 1558746746, 1558746746574
198, 1558746746, 1558746746669
198, 1558746746, 1558746746764
198, 1558746746, 1558746746859
198, 1558746746, 1558746746955
198, 1558746746, 1558746747049
198, 1558746746, 1558746747142
198, 1558746746, 1558746747240
199, 1558746746, 1558746747335
199, 1558746747, 1558746747432
199, 1558746747, 1558746747527
199, 1558746747, 1558746747622
199, 1558746747, 1558746747716
199, 1558746747, 1558746747812
199, 1558746747, 1558746747906
199, 1558746747, 1558746748000
199, 1558746747, 1558746748096
199, 1558746747, 1558746748193
199, 1558746747, 1558746748289
199, 1558746748, 1558746748389
199, 1558746748, 1558746748484
199, 1558746748, 1558746748582
199, 1558746748, 1558746748676
199, 1558746748, 1558746748768
199, 1558746748, 1558746748864
199, 1558746748, 1558746748960
199, 1558746748, 1558746749053
199, 1558746748, 1558746749150
199, 1558746748, 1558746749246
199, 1558746748, 1558746749344
199, 1558746749, 1558746749442
199, 1558746749, 1558746749535
199, 1558746749, 1558746749631
199, 1558746749, 1558746749725
199, 1558746749, 1558746749818
199, 1558746749, 1558746749912
199, 1558746749, 1558746750007
199, 1558746749, 1558746750102
199, 1558746749, 1558746750198
199, 1558746749, 1558746750292
198, 1558746750, 1558746750392
198, 1558746750, 1558746750483
198, 1558746750, 1558746750579
198, 1558746750, 1558746750673
198, 1558746750, 1558746750768
198, 1558746750, 1558746750862
198, 1558746750, 1558746750956
198, 1558746750, 1558746751049
198, 1558746750, 1558746751144
198, 1558746750, 1558746751242
198, 1558746750, 1558746751337
199, 1558746751, 1558746751434
199, 1558746751, 1558746751529
199, 1558746751, 1558746751626
199, 1558746751, 1558746751723
199, 1558746751, 1558746751819
199, 1558746751, 1558746751915
199, 1558746751, 1558746752010
199, 1558746751, 1558746752107
199, 1558746751, 1558746752200
199, 1558746751, 1558746752295
200, 1558746752, 1558746752398
200, 1558746752, 1558746752493
200, 1558746752, 1558746752588
200, 1558746752, 1558746752684
200, 1558746752, 1558746752782
200, 1558746752, 1558746752878
200, 1558746752, 1558746752973
200, 1558746752, 1558746753068
200, 1558746752, 1558746753162
200, 1558746752, 1558746753257
199, 1558746752, 1558746753354
199, 1558746753, 1558746753450
199, 1558746753, 1558746753547
199, 1558746753, 1558746753640
199, 1558746753, 1558746753737
199, 1558746753, 1558746753832
199, 1558746753, 1558746753931
199, 1558746753, 1558746754026
199, 1558746753, 1558746754122
199, 1558746753, 1558746754222
199, 1558746754, 1558746754323
199, 1558746754, 1558746754419
199, 1558746754, 1558746754512
199, 1558746754, 1558746754610
199, 1558746754, 1558746754706
199, 1558746754, 1558746754801
199, 1558746754, 1558746754896
199, 1558746754, 1558746754989
199, 1558746754, 1558746755083
199, 1558746754, 1558746755180
199, 1558746754, 1558746755276
199, 1558746755, 1558746755379
199, 1558746755, 1558746755476
199, 1558746755, 1558746755573
199, 1558746755, 1558746755668
199, 1558746755, 1558746755765
199, 1558746755, 1558746755861
199, 1558746755, 1558746755955
199, 1558746755, 1558746756048
199, 1558746755, 1558746756140
199, 1558746755, 1558746756237
199, 1558746755, 1558746756331
199, 1558746755, 1558746756428
199, 1558746755, 1558746756525
199, 1558746755, 1558746756622
199, 1558746756, 1558746756717
199, 1558746756, 1558746756813
199, 1558746756, 1558746756910
199, 1558746756, 1558746757006
199, 1558746756, 1558746757103
199, 1558746756, 1558746757198
199, 1558746756, 1558746757295
199, 1558746757, 1558746757407
199, 1558746757, 1558746757510
199, 1558746757, 1558746757613
199, 1558746757, 1558746757715
199, 1558746757, 1558746757817
199, 1558746757, 1558746757916
199, 1558746757, 1558746758014
199, 1558746757, 1558746758114
199, 1558746757, 1558746758215
199, 1558746757, 1558746758313
199, 1558746758, 1558746758409
199, 1558746758, 1558746758501
199, 1558746758, 1558746758595
199, 1558746758, 1558746758687
199, 1558746758, 1558746758780
199, 1558746758, 1558746758873
199, 1558746758, 1558746758965
199, 1558746758, 1558746759060
199, 1558746758, 1558746759155
199, 1558746758, 1558746759252
199, 1558746759, 1558746759354
199, 1558746759, 1558746759448
199, 1558746759, 1558746759541
199, 1558746759, 1558746759636
199, 1558746759, 1558746759732
199, 1558746759, 1558746759826
199, 1558746759, 1558746759921
199, 1558746759, 1558746760017
199, 1558746759, 1558746760111
199, 1558746759, 1558746760209
199, 1558746759, 1558746760303
199, 1558746760, 1558746760398
199, 1558746760, 1558746760492
199, 1558746760, 1558746760588
199, 1558746760, 1558746760681
199, 1558746760, 1558746760778
199, 1558746760, 1558746760873
199, 1558746760, 1558746760968
199, 1558746760, 1558746761059
199, 1558746760, 1558746761153
199, 1558746760, 1558746761249
199, 1558746760, 1558746761342
198, 1558746761, 1558746761437
198, 1558746761, 1558746761535
198, 1558746761, 1558746761633
198, 1558746761, 1558746761728
198, 1558746761, 1558746761823
198, 1558746761, 1558746761918
198, 1558746761, 1558746762014
198, 1558746761, 1558746762110
198, 1558746761, 1558746762206
198, 1558746761, 1558746762303
199, 1558746761, 1558746762399
199, 1558746762, 1558746762499
199, 1558746762, 1558746762597
199, 1558746762, 1558746762694
199, 1558746762, 1558746762790
199, 1558746762, 1558746762886
199, 1558746762, 1558746762982
199, 1558746762, 1558746763079
199, 1558746762, 1558746763176
199, 1558746762, 1558746763274
199, 1558746762, 1558746763373
199, 1558746763, 1558746763475
199, 1558746763, 1558746763577
199, 1558746763, 1558746763681
199, 1558746763, 1558746763783
199, 1558746763, 1558746763882
199, 1558746763, 1558746763979
199, 1558746763, 1558746764075
199, 1558746763, 1558746764169
199, 1558746763, 1558746764265
198, 1558746764, 1558746764370
198, 1558746764, 1558746764462
198, 1558746764, 1558746764557
198, 1558746764, 1558746764649
198, 1558746764, 1558746764744
198, 1558746764, 1558746764841
198, 1558746764, 1558746764937
198, 1558746764, 1558746765034
198, 1558746764, 1558746765130
198, 1558746764, 1558746765227
198, 1558746764, 1558746765324
199, 1558746765, 1558746765426
199, 1558746765, 1558746765524
199, 1558746765, 1558746765620
199, 1558746765, 1558746765714
199, 1558746765, 1558746765807
199, 1558746765, 1558746765902
199, 1558746765, 1558746765995
199, 1558746765, 1558746766092
199, 1558746765, 1558746766184
199, 1558746765, 1558746766279
199, 1558746766, 1558746766376
199, 1558746766, 1558746766471
199, 1558746766, 1558746766565
199, 1558746766, 1558746766657
199, 1558746766, 1558746766754
199, 1558746766, 1558746766853
199, 1558746766, 1558746766951
199, 1558746766, 1558746767046
199, 1558746766, 1558746767143
199, 1558746766, 1558746767240
199, 1558746766, 1558746767333
199, 1558746767, 1558746767433
199, 1558746767, 1558746767528
199, 1558746767, 1558746767621
199, 1558746767, 1558746767711
199, 1558746767, 1558746767803
199, 1558746767, 1558746767898
199, 1558746767, 1558746767993
199, 1558746767, 1558746768090
199, 1558746767, 1558746768183
199, 1558746767, 1558746768281
199, 1558746767, 1558746768376
199, 1558746768, 1558746768492
199, 1558746768, 1558746768586
199, 1558746768, 1558746768681
199, 1558746768, 1558746768776
199, 1558746768, 1558746768869
199, 1558746768, 1558746768963
199, 1558746768, 1558746769058
199, 1558746768, 1558746769153
199, 1558746768, 1558746769250
199, 1558746768, 1558746769346
199, 1558746769, 1558746769449
199, 1558746769, 1558746769544
199, 1558746769, 1558746769640
199, 1558746769, 1558746769735
199, 1558746769, 1558746769831
199, 1558746769, 1558746769927
199, 1558746769, 1558746770024
199, 1558746769, 1558746770120
199, 1558746769, 1558746770216
199, 1558746769, 1558746770314
200, 1558746770, 1558746770419
200, 1558746770, 1558746770514
200, 1558746770, 1558746770608
200, 1558746770, 1558746770703
200, 1558746770, 1558746770800
200, 1558746770, 1558746770894
200, 1558746770, 1558746770987
200, 1558746770, 1558746771081
200, 1558746770, 1558746771177
200, 1558746770, 1558746771273
200, 1558746770, 1558746771368
199, 1558746771, 1558746771465
199, 1558746771, 1558746771561
199, 1558746771, 1558746771657
199, 1558746771, 1558746771753
199, 1558746771, 1558746771848
199, 1558746771, 1558746771942
199, 1558746771, 1558746772037
199, 1558746771, 1558746772133
199, 1558746771, 1558746772228
199, 1558746771, 1558746772319
198, 1558746772, 1558746772421
198, 1558746772, 1558746772514
198, 1558746772, 1558746772608
198, 1558746772, 1558746772704
198, 1558746772, 1558746772799
198, 1558746772, 1558746772894
198, 1558746772, 1558746772990
198, 1558746772, 1558746773085
198, 1558746772, 1558746773179
198, 1558746772, 1558746773277
199, 1558746772, 1558746773372
199, 1558746773, 1558746773468
199, 1558746773, 1558746773565
199, 1558746773, 1558746773661
199, 1558746773, 1558746773755
199, 1558746773, 1558746773852
199, 1558746773, 1558746773948
199, 1558746773, 1558746774043
199, 1558746773, 1558746774137
199, 1558746773, 1558746774232
199, 1558746773, 1558746774327
199, 1558746774, 1558746774430
199, 1558746774, 1558746774526
199, 1558746774, 1558746774622
199, 1558746774, 1558746774717
199, 1558746774, 1558746774810
199, 1558746774, 1558746774905
199, 1558746774, 1558746775001
199, 1558746774, 1558746775098
199, 1558746774, 1558746775191
199, 1558746774, 1558746775286
199, 1558746774, 1558746775382
199, 1558746774, 1558746775476
199, 1558746775, 1558746775572
199, 1558746775, 1558746775668
199, 1558746775, 1558746775763
199, 1558746775, 1558746775858
199, 1558746775, 1558746775952
199, 1558746775, 1558746776047
199, 1558746775, 1558746776145
199, 1558746775, 1558746776240
199, 1558746775, 1558746776335
199, 1558746776, 1558746776436
199, 1558746776, 1558746776533
199, 1558746776, 1558746776629
199, 1558746776, 1558746776724
199, 1558746776, 1558746776818
199, 1558746776, 1558746776913
199, 1558746776, 1558746777007
199, 1558746776, 1558746777103
199, 1558746776, 1558746777197
199, 1558746776, 1558746777292
199, 1558746776, 1558746777384
199, 1558746777, 1558746777480
199, 1558746777, 1558746777576
199, 1558746777, 1558746777673
199, 1558746777, 1558746777769
199, 1558746777, 1558746777862
199, 1558746777, 1558746777959
199, 1558746777, 1558746778053
199, 1558746777, 1558746778148
199, 1558746777, 1558746778243
199, 1558746777, 1558746778339
198, 1558746778, 1558746778435
198, 1558746778, 1558746778527
198, 1558746778, 1558746778622
198, 1558746778, 1558746778720
198, 1558746778, 1558746778814
198, 1558746778, 1558746778910
198, 1558746778, 1558746779004
198, 1558746778, 1558746779099
198, 1558746778, 1558746779193
198, 1558746778, 1558746779290
199, 1558746779, 1558746779406
199, 1558746779, 1558746779502
199, 1558746779, 1558746779598
199, 1558746779, 1558746779694
199, 1558746779, 1558746779790
199, 1558746779, 1558746779886
199, 1558746779, 1558746779981
199, 1558746779, 1558746780074
199, 1558746779, 1558746780169
199, 1558746779, 1558746780262
199, 1558746779, 1558746780357
199, 1558746780, 1558746780453
199, 1558746780, 1558746780548
199, 1558746780, 1558746780644
199, 1558746780, 1558746780736
199, 1558746780, 1558746780832
199, 1558746780, 1558746780928
199, 1558746780, 1558746781024
199, 1558746780, 1558746781120
199, 1558746780, 1558746781217
199, 1558746780, 1558746781312
199, 1558746780, 1558746781407
199, 1558746781, 1558746781511
199, 1558746781, 1558746781603
199, 1558746781, 1558746781699
199, 1558746781, 1558746781796
199, 1558746781, 1558746781891
199, 1558746781, 1558746781986
199, 1558746781, 1558746782080
199, 1558746781, 1558746782174
199, 1558746781, 1558746782270
199, 1558746781, 1558746782365
198, 1558746782, 1558746782468
198, 1558746782, 1558746782561
198, 1558746782, 1558746782658
198, 1558746782, 1558746782753
198, 1558746782, 1558746782849
198, 1558746782, 1558746782942
198, 1558746782, 1558746783037
198, 1558746782, 1558746783132
198, 1558746782, 1558746783226
198, 1558746782, 1558746783321
198, 1558746782, 1558746783419
198, 1558746782, 1558746783516
198, 1558746782, 1558746783611
199, 1558746782, 1558746783709
199, 1558746783, 1558746783805
199, 1558746783, 1558746783902
199, 1558746783, 1558746783998
199, 1558746783, 1558746784090
199, 1558746783, 1558746784182
199, 1558746783, 1558746784276
199, 1558746783, 1558746784369
199, 1558746784, 1558746784472
199, 1558746784, 1558746784568
199, 1558746784, 1558746784665
199, 1558746784, 1558746784759
199, 1558746784, 1558746784855
199, 1558746784, 1558746784950
199, 1558746784, 1558746785044
199, 1558746784, 1558746785140
199, 1558746784, 1558746785235
199, 1558746784, 1558746785331
199, 1558746785, 1558746785433
199, 1558746785, 1558746785529
199, 1558746785, 1558746785622
199, 1558746785, 1558746785717
199, 1558746785, 1558746785810
199, 1558746785, 1558746785905
199, 1558746785, 1558746785999
199, 1558746785, 1558746786095
199, 1558746785, 1558746786193
199, 1558746785, 1558746786286
199, 1558746785, 1558746786379
198, 1558746786, 1558746786474
198, 1558746786, 1558746786571
198, 1558746786, 1558746786669
198, 1558746786, 1558746786765
198, 1558746786, 1558746786859
198, 1558746786, 1558746786953
198, 1558746786, 1558746787043
198, 1558746786, 1558746787139
198, 1558746786, 1558746787233
198, 1558746786, 1558746787327
199, 1558746787, 1558746787428
199, 1558746787, 1558746787523
199, 1558746787, 1558746787618
199, 1558746787, 1558746787714
199, 1558746787, 1558746787811
199, 1558746787, 1558746787904
199, 1558746787, 1558746787999
199, 1558746787, 1558746788092
199, 1558746787, 1558746788187
199, 1558746787, 1558746788282
199, 1558746787, 1558746788377
199, 1558746787, 1558746788471
199, 1558746788, 1558746788567
199, 1558746788, 1558746788666
199, 1558746788, 1558746788759
199, 1558746788, 1558746788856
199, 1558746788, 1558746788951
199, 1558746788, 1558746789048
199, 1558746788, 1558746789144
199, 1558746788, 1558746789238
199, 1558746788, 1558746789334
198, 1558746789, 1558746789434
198, 1558746789, 1558746789532
198, 1558746789, 1558746789626
198, 1558746789, 1558746789724
198, 1558746789, 1558746789819
198, 1558746789, 1558746789916
198, 1558746789, 1558746790009
198, 1558746789, 1558746790106
198, 1558746789, 1558746790204
198, 1558746789, 1558746790298
199, 1558746789, 1558746790390
199, 1558746790, 1558746790487
199, 1558746790, 1558746790583
199, 1558746790, 1558746790678
199, 1558746790, 1558746790773
199, 1558746790, 1558746790859
199, 1558746790, 1558746790936
199, 1558746790, 1558746791014
199, 1558746790, 1558746791091
199, 1558746790, 1558746791169
199, 1558746790, 1558746791245
199, 1558746790, 1558746791324
199, 1558746791, 1558746791404
199, 1558746791, 1558746791482
199, 1558746791, 1558746791561
199, 1558746791, 1558746791638
199, 1558746791, 1558746791714
199, 1558746791, 1558746791791
199, 1558746791, 1558746791868
199, 1558746791, 1558746791945
199, 1558746791, 1558746792024
199, 1558746791, 1558746792101
199, 1558746791, 1558746792176
199, 1558746791, 1558746792253
199, 1558746791, 1558746792330
199, 1558746792, 1558746792408
199, 1558746792, 1558746792484
199, 1558746792, 1558746792562
199, 1558746792, 1558746792636
199, 1558746792, 1558746792713
199, 1558746792, 1558746792789
199, 1558746792, 1558746792867
199, 1558746792, 1558746792944
199, 1558746792, 1558746793020
199, 1558746792, 1558746793097
199, 1558746792, 1558746793174
199, 1558746792, 1558746793251
199, 1558746792, 1558746793327
199, 1558746792, 1558746793403
199, 1558746793, 1558746793481
199, 1558746793, 1558746793556
199, 1558746793, 1558746793634
199, 1558746793, 1558746793711
199, 1558746793, 1558746793788
199, 1558746793, 1558746793866
199, 1558746793, 1558746793945
199, 1558746793, 1558746794022
199, 1558746793, 1558746794098
199, 1558746793, 1558746794175
199, 1558746793, 1558746794252
199, 1558746793, 1558746794329
199, 1558746794, 1558746794406
199, 1558746794, 1558746794482
199, 1558746794, 1558746794560
199, 1558746794, 1558746794636
199, 1558746794, 1558746794715
199, 1558746794, 1558746794793
199, 1558746794, 1558746794869
199, 1558746794, 1558746794946
199, 1558746794, 1558746795024
199, 1558746794, 1558746795099
199, 1558746794, 1558746795175
199, 1558746794, 1558746795252
199, 1558746794, 1558746795329
199, 1558746794, 1558746795405
199, 1558746795, 1558746795480
199, 1558746795, 1558746795557
199, 1558746795, 1558746795631
199, 1558746795, 1558746795709
199, 1558746795, 1558746795785
199, 1558746795, 1558746795863
199, 1558746795, 1558746795940
199, 1558746795, 1558746796015
199, 1558746795, 1558746796092
199, 1558746795, 1558746796172
199, 1558746795, 1558746796248
199, 1558746795, 1558746796325
199, 1558746796, 1558746796405
199, 1558746796, 1558746796481
199, 1558746796, 1558746796555
199, 1558746796, 1558746796634
199, 1558746796, 1558746796712
199, 1558746796, 1558746796788
199, 1558746796, 1558746796865
199, 1558746796, 1558746796942
199, 1558746796, 1558746797025
